3	313	396	482
7	76	97	348
3	846	535	544
22	10958	5766	4311
3	336	395	393
6	1291	1146	942
2	1275	1181	882
3	893	680	592
11	5801	2960	2434
5	2846	2416	1959
6	1469	1030	1078
27	13070	7340	5803
17	2648	2229	2000
16	3798	3247	3127
6	1238	909	923
1	47	48	32
14	5230	3278	2021
3	1045	974	871
1	695	657	373
13	5425	3029	2191
4	2025	1343	1318
4	2263	1343	1094
2	200	230	190
6	2382	1702	1314
0	40	21	36
4	904	892	841
4	1645	1350	1046
7	4324	3006	3046
7	1885	1417	1205
17	8180	3839	2921
9	990	902	637
16	9568	4352	3959
3	4035	5290	2274
1	468	540	557
0	434	362	365
2	529	373	351
6	995	1051	775
3	313	345	294
5	311	322	303
29	608	1094	1842
270	290	177	379
4	380	375	259
5	532	464	495
4	349	370	321
28	564	836	1371
5	59	101	138
148	5599	7873	11152
1	21	45	87
27	635	895	1603
23	16657	10354	7209
7	106	234	269
307	407	120	100
3	70	121	191
4	50	100	119
14	117	193	262
2	39	89	118
4	29	54	59
5	66	76	126
10	156	306	434
54	12831	32376	23294
12	3874	5090	4545
20	1593	2386	3415
19	6974	4540	6700
7	716	415	525
3	467	332	285
4	471	274	283
1	540	267	301
2	329	208	205
1	16	45	33
18	105	115	273
22	125	137	281
34	207	293	573
43	398	395	818
7	5650	2094	2747
7	1913	568	929
8	1249	482	636
0	134	56	81
0	64	31	50
7	94	252	399
1	47	113	243
4	98	198	269
14	132	224	380
16	156	198	371
8	101	143	275
23	177	310	506
81	383	430	849
65	323	396	840
22	363	659	1306
44	681	1153	2361
33	549	857	1556
91	1967	4010	8234
23	408	764	1354
54	1025	1601	3290
32	497	932	1985
7	39	104	115
11	95	197	235
59	466	212	625
5	46	60	119
135	755	240	969
58	495	260	663
79	640	150	551
94	521	114	443
90	660	166	586
69	430	229	614
160	821	168	710
59	511	155	583
15	323	1201	2121
15	264	1003	2051
83	856	1093	1143
4	25	63	80
2	63	82	72
7	85	101	122
4	48	61	102
2	36	65	74
3	34	63	86
2	96	182	182
5	89	120	148
7	67	125	135
2	36	52	39
3	69	71	109
0	12	17	39
5	54	85	109
7	77	150	107
15	129	209	249
1	49	75	75
1	17	12	19
5	55	71	102
6	54	108	84
9	75	118	162
3	53	76	117
1	24	50	36
2	38	53	83
1	1	4	1
1	33	81	83
1	32	68	58
0	13	30	34
2	25	34	43
1	9	28	22
0	12	24	34
1	10	21	17
0	12	12	22
0	17	25	33
0	16	21	24
1	4	15	17
0	4	5	3
1	7	25	17
1	10	11	35
5	35	27	39
0	20	19	20
3	17	41	44
1	22	28	32
0	1	1	0
0	1	3	3
2	2	17	23
0	5	1	0
1	17	37	26
1	11	12	19
2	18	31	45
1	32	67	66
2	18	32	28
2	12	11	11
1	25	24	39
3	17	12	31
3	17	38	37
1	19	22	30
1	11	23	32
1	16	22	36
1	16	26	34
1	32	20	45
2	20	34	28
2	16	33	44
4	25	55	54
2	9	16	24
0	16	23	23
2	15	27	29
1	15	31	26
8	30	51	36
0	10	17	22
3	36	35	54
0	22	24	38
0	17	17	25
5	60	102	106
4	12	36	16
0	1	4	4
0	3	11	9
1	6	8	10
2	41	60	75
0	3	9	2
1	8	19	21
1	9	20	14
0	4	7	6
1	29	34	42
1	61	76	120
0	35	52	65
0	28	39	37
3	89	152	161
1	56	83	44
5	67	83	209
3	35	43	49
2	30	96	101
2	76	112	120
2	23	38	55
1	17	28	43
7	46	107	144
1	41	79	129
4	58	93	201
1	23	50	129
3	33	49	63
3	107	182	353
5	91	196	347
16	99	165	296
8	110	233	398
7	78	111	270
12	165	253	526
5	125	249	431
6	135	204	513
1	109	85	188
2	38	85	135
0	23	34	51
2	28	47	81
3	37	55	98
1	59	104	140
2	66	81	142
4	13	34	81
9	28	58	102
4	18	27	47
2	49	93	169
1	56	102	147
0	21	28	40
2	15	18	30
0	46	54	106
2	62	109	135
1	16	27	51
1	13	22	27
1	25	32	62
0	9	20	26
3	18	20	31
4	14	29	34
1	20	36	52
5	17	34	72
1	14	20	41
1	29	32	62
0	14	7	29
1	16	41	70
1	38	78	114
3	19	59	82
2	25	36	61
0	43	57	80
1	58	86	136
3	33	64	99
1	60	57	107
2	21	52	87
1	86	80	98
1	14	14	28
13	74	111	256
11	159	258	496
20	275	451	770
8	181	268	559
3	122	251	436
6	152	248	450
12	358	620	1360
3	54	88	163
1	22	17	60
2	37	86	165
8	175	294	581
9	92	132	361
67	1408	1808	1573
0	205	191	347
22	165	201	357
10	101	114	212
25	499	640	537
33	441	597	480
1	90	156	223
0	36	54	46
0	143	174	222
12	102	129	144
1	13	17	45
8	145	162	242
3	63	73	105
93	478	541	794
2	60	53	127
2	98	124	159
6	140	149	248
4	55	73	70
1	22	41	40
5	65	62	121
14	206	263	398
3	75	189	315
8	128	192	317
1	63	161	304
18	148	253	385
35	141	211	2158
34	113	137	1798
18	87	196	994
10	98	160	338
23	114	146	1148
8	69	60	888
0	0	0	12
0	0	1	6
0	0	0	5
0	1	0	7
0	0	0	6
0	0	1	0
30	94	166	1981
26	136	220	584
13	172	191	384
7	135	154	224
2	51	54	89
0	28	41	38
2	20	53	58
6	88	118	205
3	56	109	131
17	188	270	488
4	82	107	192
2	13	168	23
2	19	39	49
3	31	30	42
3	51	64	64
5	25	44	89
0	0	1	2
22	377	514	780
1	28	75	123
1	32	36	93
14	63	109	175
8	76	143	231
0	42	61	110
4	70	81	117
10	82	125	189
35	294	257	457
8	15	29	45
8	24	29	42
12	59	104	172
11	96	145	263
13	151	227	314
8	73	131	205
21	235	301	598
19	122	167	326
29	188	252	469
2	24	36	45
8	67	112	198
6	204	303	437
23	170	208	382
29	615	599	677
22	495	669	662
25	835	1003	943
18	653	723	686
27	485	561	564
7	121	171	200
6	95	143	197
117	584	223	596
26	182	98	254
12	350	509	859
9	448	642	775
10	531	810	853
12	392	564	999
3	230	360	577
17	634	779	1394
22	1338	1539	2205
15	518	679	907
11	105	140	223
5	103	137	171
5	114	124	187
2	59	93	139
3	112	122	194
11	117	156	206
5	535	522	365
15	3396	2944	2812
11	1123	931	942
4	1366	1185	1195
8	694	694	556
1	1135	874	795
3	219	275	301
59	5418	4410	3301
14	4574	2936	2759
12	3340	2102	2086
17	132	178	250
1	161	242	378
3	167	186	182
48	504	583	1431
2	90	155	182
3	82	123	130
2	220	259	263
4	194	198	237
1	35	62	62
0	35	74	74
5	80	211	177
0	0	0	1
6	73	182	196
7	55	108	182
21	49	58	160
9	49	55	145
53	199	348	467
2	52	130	148
33	279	366	614
4	13	15	38
15	324	456	671
1	76	120	189
32	353	502	689
5	77	104	136
9	121	164	231
23	1756	2413	3400
9	84	112	211
0	11	22	60
0	30	32	76
7	928	2011	1919
6	860	2231	2139
10	1402	1716	2317
16	1443	2328	4360
13	178	267	530
2	281	362	451
4	238	316	327
24	261	262	568
11	187	231	448
3	63	87	186
3	66	94	152
10	110	199	422
6	84	136	251
4	52	97	193
4	112	182	315
4	67	120	190
8	128	166	355
4	78	111	239
4	100	201	379
25	281	407	857
9	79	85	231
11	136	175	355
14	99	143	263
9	103	143	263
4	54	92	159
31	474	728	1079
23	314	517	867
20	329	482	756
17	573	837	1136
8	1724	1615	2710
11	864	1311	2033
13	656	1009	1569
37	2088	4453	8256
14	1554	1734	2131
1	89	181	159
2	119	222	234
3	172	239	205
2	121	201	227
5	124	161	146
3	145	267	222
3	147	215	202
558	32130	20988	44292
22	3659	2841	4776
78	7070	5936	4573
2	237	240	219
2	472	375	364
4	1457	1413	1030
1	476	486	554
4	412	527	599
23	27557	5778	4651
0	13	21	15
2	43	103	112
0	17	68	62
20	134	182	580
62	471	5994	7747
25	835	855	762
62	595	557	1189
9	1294	1390	1375
15	1312	1302	1551
11	557	619	799
2	158	266	250
5	191	285	222
2	116	138	153
3	418	526	575
19	375	542	869
13	103	150	254
35	262	216	442
32	1053	1225	1185
27	317	477	309
42	786	889	650
32	578	706	549
31	553	609	610
37	471	564	397
19	444	477	410
25	532	600	477
0	30	59	80
1	31	47	77
10	301	993	1920
22	487	1641	2922
17	462	1623	2933
16	1013	1529	775
4	330	487	290
19	887	1016	776
1	82	56	63
4	414	471	306
2	153	159	140
0	12	3	4
1	347	336	238
13	698	3506	647
60	1388	1800	1413
28	876	894	797
19	539	586	564
21	695	726	817
7	565	587	631
16	143	204	425
20	92	159	370
30	203	253	447
25	437	436	384
51	228	320	732
3	89	146	204
0	9	28	28
3	19	37	57
2	39	87	135
2	66	140	210
2	65	87	235
3	50	82	156
5	91	121	212
3	70	77	120
11	94	121	194
4	61	100	134
1	18	30	47
1	23	32	51
3	47	81	146
3	21	30	54
1	59	79	112
1	31	49	91
2	61	97	137
2	62	85	147
7	65	135	291
1	28	79	126
3	50	57	88
3	63	90	183
2	30	43	100
0	9	20	33
3	61	74	156
2	24	54	95
0	43	53	88
7	69	92	191
0	35	51	89
1	36	69	101
2	43	76	183
4	49	69	105
0	38	66	80
4	48	92	137
2	37	48	93
3	54	90	186
4	65	87	177
25	664	1016	1499
7	183	258	378
4	64	100	121
0	26	47	94
5	65	95	100
2	33	61	77
28	141	262	322
19	123	217	281
20	92	201	235
22	99	115	235
21	138	174	345
20	112	177	227
26	93	162	242
3	68	128	147
0	87	119	167
3	82	158	202
1	74	102	154
0	27	43	57
0	2	3	1
2	24	38	56
0	16	14	22
1	89	129	204
3	110	147	206
1	95	151	198
0	185	233	309
13	93	133	230
9	124	165	290
782	1711	2480	1873
86	2149	8964	10052
1	83	161	201
3	129	164	191
164	2983	631	1919
211	3232	539	1739
106	780	483	1200
94	2834	842	3452
31	216	385	678
112	6853	359	5904
70	2409	2628	2557
34	1948	1970	1684
57	1757	1879	2073
42	662	1260	1206
23	1034	1190	1233
30	252	245	502
128	2028	748	2520
2	241	292	359
8	342	465	568
3	404	482	540
0	8	14	14
8	712	832	613
2	77	97	78
2	235	281	270
7	351	444	503
12	859	1015	1008
6	622	640	847
5	576	668	703
9	580	642	616
90	4695	5820	4776
4	185	325	396
7	699	815	993
8	646	633	713
4	326	353	354
1	90	100	109
8	422	440	564
1	248	346	271
9	340	495	494
7	352	356	451
3	164	203	235
11	460	417	543
6	146	226	282
7	574	794	675
9	240	357	351
11	1000	1284	1120
8	157	156	171
14	538	550	547
12	597	638	713
9	783	942	973
11	803	997	1066
0	16	17	17
2	160	177	208
1	17	14	34
2	353	387	396
5	310	308	386
10	508	636	631
3	372	427	474
10	420	423	500
4	293	375	343
4	115	155	172
3	53	80	89
5	375	492	512
9	316	467	539
5	296	421	369
10	615	658	563
2	119	174	148
5	334	341	328
1	79	82	96
3	445	418	504
3	827	786	868
2	220	257	252
1	46	66	64
6	355	399	381
0	30	62	47
2	58	58	70
0	18	48	28
0	80	76	75
1	141	118	146
1	59	69	66
1	13	15	18
1	12	44	28
4	80	95	78
4	177	207	214
3	450	375	472
8	684	679	771
10	651	623	653
0	6	9	12
1	73	84	74
2	37	44	36
4	554	509	730
3	432	440	556
3	608	808	692
0	54	57	77
2	186	196	274
3	130	158	190
1	72	68	83
7	383	474	551
1	32	25	15
10	365	428	498
3	472	468	479
0	66	100	101
1	150	151	191
2	208	248	290
2	64	93	72
0	88	107	83
2	88	103	129
5	328	340	392
2	11	22	23
3	628	582	708
0	196	230	267
13	623	686	844
8	587	584	790
0	54	90	106
0	2	12	10
2	823	778	782
1	101	86	106
12	995	1194	1004
0	78	127	106
12	640	900	674
7	589	694	746
0	11	10	9
2	107	174	106
2	556	522	646
1	124	129	117
1	70	116	120
66	386	2406	1147
23	313	1015	855
54	506	2574	1477
25	219	989	633
23	287	1322	793
109	1810	2743	6387
8	1313	1200	1019
3	617	360	308
4	731	560	516
8	790	402	365
3	1236	598	464
3	820	347	374
8	831	653	494
2	894	582	544
9	791	378	347
7	1198	693	637
7	1339	615	585
6	1220	717	561
4	1118	502	413
22	4963	2966	2314
5	1010	462	421
30	19754	1925	1373
6	997	442	364
13	1435	816	733
10	2012	1147	975
13	2111	946	851
14	2623	1616	1134
5	1284	828	699
3	738	508	402
10	1351	848	633
3	867	358	320
5	781	604	649
11	2119	1218	988
4	526	390	308
1	228	96	88
6	219	160	92
3	380	211	193
1	1183	573	488
3	175	86	81
0	23	7	16
13	1102	607	341
0	287	168	126
0	220	124	112
1	521	239	189
2	208	133	111
2	151	89	95
0	77	62	45
1	47	38	28
1	325	184	287
2	246	169	134
0	165	96	67
2	192	135	106
2	211	129	112
0	623	409	231
1	418	215	171
0	116	91	60
0	10	23	8
8	538	516	455
8	1327	604	431
0	167	131	152
6	1962	787	663
5	609	254	233
7	1539	921	782
10	1450	756	653
9	1273	769	656
9	1864	1078	901
0	274	286	231
13	966	874	708
28	201	252	433
14	543	848	1019
44	414	629	951
12	181	276	365
12	1341	1027	1012
3	979	679	755
0	12	15	14
0	19	31	30
0	14	31	34
2	17	38	24
0	25	41	44
3	9	18	33
0	6	27	25
0	13	22	36
0	17	26	28
0	14	21	26
0	4	18	18
0	12	24	15
0	4	15	32
0	17	31	44
1	21	39	31
0	14	20	41
0	5	26	38
1	8	27	24
0	10	24	21
0	15	17	34
7	33	84	79
0	9	13	17
1	17	35	33
2	22	56	50
0	21	27	24
1	41	50	67
3	69	130	132
38	273	515	1047
2	102	158	204
109	1463	3050	3605
51	448	989	1135
75	886	1197	2239
123	1552	2086	3689
14	137	231	354
21	560	706	652
14	346	399	348
32	156	103	262
39	110	26	69
34	317	245	417
19	128	123	267
6	234	244	469
6	90	124	173
0	23	44	53
3	29	49	64
1	39	44	33
1	43	61	82
1	23	36	49
0	74	91	99
1	37	77	101
0	26	39	59
0	16	36	46
0	31	36	31
2	68	76	96
2	38	51	69
0	7	12	16
0	27	40	43
0	29	42	77
3	25	53	82
2	29	57	68
0	45	63	80
0	20	35	43
0	9	17	24
0	12	20	23
4	118	164	180
1	29	49	57
1	32	46	60
2	23	38	66
1	17	47	59
1	46	51	67
1	28	41	74
1	42	43	71
1	27	40	55
1	39	47	68
0	17	28	37
0	28	37	46
1	44	61	61
0	34	69	93
0	5	4	6
1	29	41	39
0	33	44	65
0	28	25	47
0	9	11	9
3	43	58	89
0	10	13	16
1	25	61	72
1	28	40	59
1	34	67	94
0	37	48	71
10	627	810	1479
7	419	585	840
18	268	309	273
6	65	77	211
5	66	102	271
12	33	55	146
0	37	85	126
5	58	71	191
10	67	116	162
0	19	46	41
1	14	31	29
1	9	13	19
0	31	43	37
0	2	3	2
1	15	32	25
0	23	33	25
1	19	44	28
1	205	230	118
4	711	758	665
11	1717	1294	1418
2	199	219	183
0	138	128	88
3	726	685	644
38	292	292	634
28	153	197	342
13	50	73	161
5	44	38	72
33	237	288	641
72	159	213	481
39	97	106	243
1	43	58	60
3	29	60	67
1	30	51	33
1	73	128	90
0	39	74	63
4	25	71	49
0	34	83	65
1	52	96	71
1	39	62	62
0	25	41	47
1	39	87	93
0	23	40	56
0	51	72	84
0	9	10	13
0	19	51	42
0	24	30	31
20	138	208	414
14	176	220	477
1	47	63	131
4	49	92	148
2	46	102	167
4	47	62	104
17	157	165	243
18	181	122	257
14	468	789	669
4	380	742	680
10	295	458	406
6	388	572	536
5	236	355	297
4	190	376	270
9	518	995	878
3	29	76	107
21	69	117	1071
488	824	1241	3789
1	1	7	82
188	817	1469	37295
16	129	263	508
52	206	370	795
54	214	350	773
32	138	212	1072
19	114	179	2857
32	223	324	1039
220	129	168	703
23	188	366	557
17	107	160	410
20	84	167	1669
18	127	194	424
34	188	290	748
109	145	274	647
46	217	346	607
54	141	195	523
12	48	64	1026
108	177	299	657
28	88	162	1569
8	81	118	778
10	111	133	830
15	117	183	4885
31	123	247	2611
19	86	162	2551
24	148	203	945
8	65	121	682
10	140	262	1287
1	61	80	146
3	512	597	587
15	756	817	1061
10	1144	1539	1410
16	1394	1568	1460
10	1322	1281	1724
18	900	846	1152
4	466	527	585
2	417	454	549
13	842	794	1214
4	41	77	132
7	38	65	123
4	38	69	103
0	40	75	87
3	48	80	130
4	228	345	369
42	62	116	214
52	86	119	246
43	106	138	319
37	142	220	369
22	76	88	221
37	77	104	220
33	72	189	563
37	107	136	322
4	103	164	206
0	25	36	60
2	3	6	10
2	6	17	33
1	25	45	58
3	6	5	16
0	2	0	1
0	0	1	1
0	1	2	2
0	2	4	3
1	12	20	13
0	0	0	1
0	0	1	3
0	4	2	7
0	1	1	0
0	0	0	4
0	14	12	17
0	2	2	6
0	0	1	2
0	0	0	1
0	19	31	56
80	1556	2944	5189
3	65	110	136
7	204	234	293
4	151	152	170
67	141	147	283
273	153	218	338
250	119	88	149
296	113	83	148
246	133	148	286
467	379	452	682
212	309	361	614
828	156	107	201
38	80	92	133
34292	7497	175	377
1257	188	115	194
430	387	334	602
158	113	188	327
297	188	148	277
749	316	334	589
3	13	9	27
652	400	451	762
143	254	170	411
406	205	196	348
86	120	101	222
580	252	327	478
1285	361	246	436
265	432	554	891
218	209	249	453
60	77	89	203
44	68	81	202
49	58	74	141
1241	304	112	234
208	112	115	266
91	54	29	69
299	144	110	245
180	75	61	162
3049	438	302	562
237	110	157	240
231	128	156	265
158	105	113	205
199	201	227	540
86	38	40	74
49	88	84	169
115	155	164	354
161	158	178	319
181	103	130	251
85	96	147	273
245	186	163	345
289	95	106	185
962	371	294	536
1092	80	70	163
377	90	90	173
424	241	236	424
155	177	189	400
249	227	138	218
1078	460	508	734
275	381	350	721
803	248	258	349
3	90	124	182
134	636	345	1108
3	55	60	94
6	508	542	491
0	193	250	165
8	1480	1597	992
15	2685	2506	1858
18	2938	2811	1976
2	429	441	349
11	907	1027	997
1	198	295	250
11	630	730	753
7	358	419	414
1	271	265	286
2	120	179	180
2	218	202	226
2	277	365	287
1	110	126	105
5	198	273	289
2	149	172	161
0	184	152	169
3	215	257	283
1	133	172	123
4	185	241	235
1	187	220	193
5	234	286	265
6	187	196	193
1	108	136	125
2	153	249	206
6	327	372	376
3	252	288	272
1	187	279	313
1	103	120	114
2	297	344	395
1	140	135	132
2	118	131	133
1	112	176	121
1	187	211	169
1	267	317	282
4	105	127	125
1	204	284	244
2	181	224	201
0	167	164	171
2	188	199	134
1	184	212	203
7	290	339	304
31	501	734	1226
19	675	953	1431
13	2096	2217	3164
19	2806	2849	3510
28	1805	2378	3339
7	404	520	749
1	649	667	794
7	690	724	872
9	697	777	857
10	658	682	786
2	235	259	307
3	805	758	1016
7	558	618	738
11	1537	1508	1844
21	6002	3660	5339
174	4084	4793	14355
80	396	300	537
13	958	2467	3151
6	71	212	340
19	893	1554	2334
19	2684	2042	2282
7	1771	1525	1814
11	2066	1843	1809
31	740	1000	1501
25	404	717	1031
15	337	622	819
43	877	1127	1825
21	448	704	1108
5	187	363	276
5	369	447	456
2	70	153	125
0	47	71	85
2	156	299	279
7	333	484	455
1	254	271	302
2	45	71	94
8	155	223	259
0	134	168	133
1	45	120	119
8	174	301	307
5	57	154	277
10	2867	2543	2539
2	47	59	99
0	1	1	0
0	37	54	46
1	43	45	34
0	1	1	2
2	121	227	188
5	57	159	146
5	1847	810	630
4	24	81	129
0	2	14	15
0	7	13	24
96	1102	1665	3534
10	1273	1259	991
27	124	103	183
8	67	162	301
4	81	71	108
0	23	38	44
2	31	31	41
1	11	26	33
1	13	21	27
2	23	38	50
1	12	25	39
1	9	50	44
90	2828	4359	11673
133	4604	6238	13289
8	432	1651	2327
31	233	408	764
5	34	126	88
0	7	6	23
0	5	11	8
273	592	629	624
279	578	599	596
65	468	1108	2019
421	1797	2971	6439
29	847	946	574
1	50	115	131
7	38	98	104
2	75	162	169
23	339	890	975
1	6	34	40
1	19	34	50
0	23	50	23
31	507	919	1945
0	2	11	14
3	61	69	71
0	8	29	39
18	88	238	227
13	72	190	229
1	79	108	206
1	35	55	58
2	13	17	27
0	12	35	42
0	66	103	142
43	904	7551	6144
6	52	99	121
2	26	50	74
2	431	409	350
0	38	53	44
5	100	116	319
2	39	86	127
0	1	4	4
0	5	8	9
4	9	24	14
10	265	309	289
13	456	451	346
6	92	106	76
2	48	56	51
9	148	228	170
7	139	177	124
10	230	337	280
10	234	355	312
3	43	64	62
3	52	61	50
10	202	223	181
7	122	178	131
1	53	68	53
9	168	236	190
13	1819	1885	2815
9	102	176	252
0	62	114	173
1	198	179	276
0	115	150	150
3	231	303	346
1	151	142	214
1	217	209	240
3	138	179	202
1	85	93	122
0	110	119	132
2	86	106	141
14	255	379	731
19	434	510	808
128	88	220	299
209	216	282	531
182	120	182	329
78	32	76	128
5	9	5	13
27	35	33	79
133	104	134	317
97	96	127	222
105	109	113	280
73	69	172	242
34	710	833	705
3	43	65	73
2	33	41	58
9	85	130	233
7	55	122	492
10	53	113	412
1	53	98	338
13	73	110	392
5	52	100	330
28	423	344	943
6	68	126	346
5	62	98	366
18	375	386	349
19	377	484	439
0	71	77	53
13	280	339	280
18	367	433	358
2	105	74	52
9	2329	1849	1455
12	99	177	487
35	314	341	609
1	218	224	325
57	1178	1297	1066
12	458	640	648
27	486	765	1089
14	129	206	394
19	229	347	537
33	228	231	427
34	316	316	576
22	283	289	538
97	592	446	1061
47	390	269	557
42	417	381	642
15	842	1279	2047
92	1453	1653	1576
0	3	7	11
0	11	43	76
0	0	3	6
1	33	83	142
5	64	80	231
0	33	60	164
6	106	190	436
1	14	50	108
1	41	71	196
0	15	47	105
30	1848	1598	2946
53	915	1510	3414
78	1448	2169	4982
26	590	1010	1657
126	1162	2117	3869
11	242	180	371
27	216	264	420
16	312	553	786
25	646	981	1752
28	354	526	365
9	221	290	242
8	219	241	224
8	204	226	199
7	253	317	242
7	116	137	95
7	176	266	209
9	297	382	327
14	280	276	243
9	225	245	195
10	278	301	345
15	250	444	357
15	216	302	226
11	205	266	209
12	174	250	152
13	221	337	324
8	220	288	283
8	156	223	155
9	167	231	215
19	210	282	214
12	99	82	158
6	163	242	205
29	1329	1374	2567
49	1376	2668	5858
5	88	118	221
4	44	80	162
3	114	53	83
2	60	37	69
7	264	213	935
2	74	61	101
2	287	34	68
1	25	20	76
2	13	15	73
0	25	20	34
0	3	5	40
1	19	25	72
2	87	59	43
2	47	31	122
3	51	49	88
3	62	66	166
9	73	111	172
7	32	66	107
11	8880	4540	3836
12	4265	2632	2544
1	145	229	238
3	218	317	396
3	147	239	215
2	1292	1871	976
12	4666	5034	2970
5	328	516	699
2	476	402	346
4	195	281	350
4	347	375	313
5	623	965	519
1	200	196	162
3	1119	979	979
2	207	245	163
4	453	391	248
8	600	395	413
7	1823	1686	1452
2	459	381	376
5	1497	1200	1442
2	362	297	207
1	169	170	113
4	1244	999	1436
3	913	709	697
5	686	632	668
5	1325	933	991
2	295	198	238
3	280	411	487
13	3417	2163	2011
12	1685	2063	1405
9	2204	2755	1564
2	1153	1175	825
9	1750	2176	1321
2	814	911	703
13	1868	1869	1469
49	6990	7696	4593
8	1548	1592	1255
2	1183	1185	895
7	2360	2565	1785
7	905	984	834
17	2807	3048	2053
6	648	760	683
4	955	993	771
0	8	13	8
23	8045	4469	4273
5	1213	1301	993
9	2006	1942	1395
5	1600	1466	1044
10	3059	3291	2058
7	768	831	684
24	5068	5212	3592
3	786	833	703
9	1761	2303	1573
9	1391	1532	1039
8	2271	2271	1835
7	1110	960	717
15	3244	3416	2195
7	893	869	705
11	2333	2524	1792
2	1077	803	671
6	895	950	765
3	701	619	584
7	653	620	661
4	1161	997	747
9	3511	1550	1584
7	807	745	687
6	1159	942	907
2	828	993	549
7	2112	1608	1453
2	4372	2691	1644
4	1394	1137	1703
1	120	122	104
7	1037	929	1012
10	4122	2596	1849
6	1916	1541	1064
8	6012	3395	2706
6	1092	1110	910
2	299	288	249
6	2334	2446	1941
7	1933	1453	1233
6	478	404	507
8	1690	1629	1047
7	1058	1228	894
22	2232	2018	1504
12	2393	2037	1551
10	1479	1701	1318
6	2334	1513	1582
7	61	80	131
5	55	85	141
13	775	822	1217
6	783	921	988
7	816	745	1204
48	1073	1576	2510
111	353	362	795
1	103	142	209
1	134	170	252
4	197	209	369
2	170	214	355
17	249	281	428
0	32	38	39
1	39	78	71
3	21	44	61
0	16	49	88
0	10	23	16
1	31	37	46
3	54	56	89
32	253	159	414
108	407	212	670
32	186	127	280
52	210	146	398
27	138	124	231
142	1237	166	645
28	230	154	331
86	602	446	875
4	96	170	156
3	54	123	97
1	43	77	117
5	63	67	105
43	581	1021	2090
14	157	230	434
4	343	368	325
2	130	112	116
4	206	246	178
0	109	80	57
6	151	179	190
1	422	321	237
6	813	699	589
0	93	83	80
0	190	198	67
9	347	781	1064
39	1560	2395	4300
99	993	1855	3380
0	61	59	106
1	0	6	8
1	219	191	302
1	9	20	42
1	24	33	48
2	20	42	54
2	18	57	68
1	24	51	83
1	31	51	55
1	19	24	44
2	37	62	75
1	25	46	47
1	21	36	63
0	12	17	25
0	29	42	91
3	38	73	105
2	14	40	58
0	25	57	70
2	33	57	69
0	25	42	38
2	18	35	53
1	23	39	73
1	31	38	96
5	30	43	70
1	35	56	101
2	29	76	79
1	24	35	68
3	37	50	72
1	19	53	80
2	26	47	74
0	26	54	54
3	29	45	62
0	24	53	71
0	23	46	62
1	11	30	64
4	22	50	60
1	16	55	71
0	22	32	43
1	15	31	43
0	18	25	46
2	23	48	82
0	9	37	52
3	31	56	80
1	19	50	65
0	7	33	43
1	16	32	55
0	12	44	58
0	8	10	10
1	7	10	10
0	11	10	14
1	11	18	23
0	0	1	2
0	6	10	6
0	7	2	7
0	21	47	100
0	30	60	78
4	18	38	49
1	18	39	56
1	13	26	48
0	33	55	67
4	19	58	65
1	42	36	76
1	15	36	51
1	24	46	82
3	24	65	85
11	138	224	432
76	596	2105	3910
49	858	1115	1294
23	602	904	1461
19	269	321	265
993	2079	2187	1393
23	584	976	1459
1	30	43	64
3	66	67	141
6	58	89	117
0	32	14	37
3	23	59	89
9	137	156	195
5	56	53	69
1	68	62	117
4	27	42	68
8	65	131	213
14	73	124	218
7	176	324	555
9	131	201	379
100	245	188	480
35	142	128	253
51	178	95	241
38	179	154	365
38	184	225	396
29	154	144	304
53	259	176	437
21	191	150	325
93	239	255	517
102	256	261	457
74	408	240	808
80	330	296	568
4	37	51	114
1	31	51	102
7	31	66	148
5	46	65	104
2	41	59	88
1	24	43	76
1	24	52	93
79	512	245	822
71	514	377	965
11	318	545	808
7	302	521	864
11	214	443	485
9	167	247	429
7	133	152	243
21	376	684	920
28	886	1360	2127
19	977	1271	1405
19	1186	1291	1552
16	1448	1538	1907
9	71	62	125
18	70	107	216
11	71	91	142
4	15	21	38
7	46	69	121
8	27	43	72
1	11	17	35
16	84	147	227
10	59	125	150
20	73	73	174
5	122	255	382
27	505	793	1318
150	1369	2479	4558
60	1003	1413	1312
12	1392	1100	729
38	919	1050	857
11	247	452	772
11	203	293	502
238	4073	1478	5444
72	445	408	1032
468	7503	1441	6741
149	4221	1099	5173
27	209	200	335
26	1030	2222	3390
14	775	1141	2033
125	2448	3596	10192
8	6102	2841	2084
19	7230	5582	3985
1	420	324	242
4	1090	755	505
90	1794	12494	23927
74	1687	1825	7909
9	188	296	583
6	172	256	391
4	127	195	321
2	99	146	281
9	153	220	399
11	255	328	611
6	181	297	464
7	206	269	448
5	144	208	398
3	100	158	300
13	304	610	733
5	136	307	351
15	301	448	791
11	129	215	308
3	80	127	225
5	104	192	334
4	77	113	160
6	110	219	301
1	1	2	6
34	175	138	255
31	208	134	315
8	104	93	195
76	5434	5028	22815
1	41	71	139
1	279	302	443
17	829	1185	1738
2	44	89	110
1	26	49	73
0	20	31	57
0	37	78	106
54	378	324	714
17	729	823	1167
39	2491	3169	10437
23	1919	2543	6307
72	4954	6319	16337
101	4506	4612	20442
65	8941	5738	22150
38	7425	5910	6454
7	1744	1478	1250
12	4048	3705	2953
38	7404	7426	6263
32	5373	4345	3466
8	1352	1174	904
10	1890	1927	1537
53	3705	4810	26862
40	2931	3067	11376
41	2412	3685	9021
54	5595	3322	12424
19	1809	2187	4906
268	59727	28263	24480
45	6385	4818	8304
39	6654	3996	8047
402	77165	50250	22385
11	620	455	838
7	282	218	541
37	7777	2996	11691
77	4343	4649	12138
23	1041	1440	4522
39	2493	2365	5230
127	6058	11435	41600
17	902	1116	2809
29	1923	2381	6349
28	1623	1782	5440
97	7993	7312	23914
75	7428	6178	12300
71	4160	4080	13366
142	9647	7320	25478
44	4767	3374	11492
30	6302	4564	4538
46	6676	3991	4227
67	9438	8083	7147
89	16373	6202	6630
69	9532	7450	6640
38	2932	2678	7529
34	2324	1929	5259
26	5992	5074	6464
17	4846	3225	4382
40	12115	8124	9118
7	3409	1517	2601
31	7577	5041	7456
43	9434	7428	8679
19	4634	2936	4295
32	7193	4107	8496
13	4733	2460	3915
21	7556	5994	6482
17	3893	2174	4937
20	4503	3601	4539
20	1403	1376	4558
9	304	341	694
19	1072	1152	4089
38	2534	2959	8525
10	761	859	2123
31	1540	3936	8939
29	2040	2257	11468
8	881	1129	2779
12	433	570	1036
66	3151	2643	6318
14	783	1058	2379
9	875	1139	2535
24	1453	4060	8974
14	846	1345	3598
9	729	936	2029
22	1663	2720	5873
13	1447	1766	5769
27	2359	5667	13992
10	849	946	3215
9	743	889	2324
31	3283	9149	12350
1	137	134	207
10	590	667	1147
15	1236	971	2934
12	898	2705	5832
21	769	1118	2778
22	1422	4419	9272
18	1368	1699	5158
8	650	766	1887
11	952	1112	2558
40	3805	3752	6877
10	326	802	1224
2	109	221	318
27	974	1080	2016
18	4581	3569	6116
49	2183	1857	12688
22	569	1224	1903
16	604	1389	1912
2	22	82	143
5	66	136	192
1	29	92	159
1	26	75	136
152	10084	5019	17568
56	2062	1520	3892
45	2533	2214	4631
9	212	282	478
11	244	330	573
2	271	262	373
7	181	392	449
3	346	335	511
6	105	155	145
12	149	151	248
13	128	71	175
5	76	129	170
3	51	77	93
2	41	75	98
0	34	34	73
4	29	37	66
2	31	51	83
10	164	226	283
11	736	626	481
3	23	47	82
2	22	36	79
6	47	63	116
49	2525	4589	7642
20	187	310	207
1	46	52	32
13	253	259	200
9	139	159	129
16	456	700	1158
4	81	155	178
4	101	106	223
42	478	818	917
4	583	508	440
2	444	417	378
6	721	671	606
0	116	122	104
83	24040	16492	12529
42	291	254	531
33	836	1001	1009
34	1058	1111	1226
33	806	889	922
22	813	866	779
46	257	296	576
57	382	525	937
31	144	282	364
0	0	5	5
15	3864	1730	1276
19	3236	2041	1506
11	3740	2153	1456
12	733	723	694
24	883	960	897
52	300	402	765
60	342	399	814
3	41	74	104
2	37	74	102
5	13	11	24
12	175	211	310
5	238	236	407
5	215	190	323
8	508	452	754
0	86	100	80
2	141	146	88
0	8	19	26
1	22	31	30
1	3	25	30
8	67	80	138
27	347	447	844
26	531	555	478
12	247	285	265
15	382	453	351
64	1052	1233	1113
14	236	446	335
1	68	74	143
0	14	16	17
125	639	705	1322
16	356	557	862
10	59	104	138
1	203	224	312
5	99	157	259
9	103	118	234
8	92	114	236
13	77	84	147
4	63	110	250
2	189	108	161
1	54	44	70
5	142	51	72
30	642	611	739
9	57	29	33
6	71	76	106
5	99	91	121
0	60	22	32
0	7	5	4
5	34	62	77
1	62	29	34
0	8	14	11
0	4	6	5
0	19	14	16
0	21	29	43
2	12	8	8
0	0	0	2
2	62	64	70
0	5	11	10
0	17	32	38
0	2	2	3
1	12	9	14
0	21	29	26
0	18	7	19
0	3	3	1
0	17	18	24
0	4	1	2
0	4	4	6
0	9	8	16
1	17	20	18
0	9	11	9
0	0	1	0
0	10	7	6
2	13	8	7
1	2	6	13
0	4	3	1
2	6	3	1
0	3	0	2
1	1	9	7
1	66	26	33
3	32	45	49
0	12	11	12
1	55	32	43
1	21	42	53
5	51	87	127
1	59	63	111
0	91	117	144
1	126	170	209
2	105	165	118
2	167	204	238
1	87	137	134
1	102	155	154
1	93	150	139
0	74	72	90
5	752	1040	862
11	563	748	638
1	62	86	104
0	133	144	175
1	103	128	114
1	78	77	67
1	52	92	117
2	146	193	200
2	108	146	143
1	111	123	166
5	290	315	354
3	139	177	201
3	167	191	217
1	153	186	224
1	8	20	5
0	49	76	72
0	1	0	0
0	1	12	4
0	10	19	14
0	104	175	123
1	66	87	123
0	67	78	121
2	194	253	407
6	214	217	283
9	207	268	396
1	131	169	249
1	18	35	48
0	15	37	30
3	18	26	44
0	12	21	16
1	26	29	33
11	256	287	220
7	627	558	578
3	91	141	147
0	46	47	64
7	47	80	101
4	56	64	114
0	13	27	56
4	25	41	76
3	77	108	123
0	39	56	77
8	295	218	224
4	312	175	160
5	297	261	216
1	187	193	177
2	346	273	295
1	95	106	65
2	147	101	85
5	484	622	498
8	48	69	128
12	60	139	169
9	60	88	148
4	47	54	76
145	1987	2171	2541
1	24	49	58
3	77	73	104
0	2	0	5
2	4	5	6
0	1	0	2
0	5	4	10
0	2	0	3
1	0	1	3
0	2	2	2
0	4	0	9
0	0	1	2
0	17	32	33
0	20	7	19
1	13	32	38
0	4	1	1
2	6	9	6
0	12	21	26
1	3	14	21
3	66	54	85
8	1743	1482	1240
12	3150	2785	2616
6	493	398	365
3	1217	1500	835
13	1942	2044	1773
2	408	467	360
4	895	1157	744
3	482	490	418
3	478	546	409
7	288	420	235
3	519	563	449
4	453	382	402
2	759	649	592
3	351	370	348
28	421	548	587
7	216	1239	3108
0	32	58	56
2	119	160	187
2	83	150	143
0	49	44	57
1	104	115	149
4	63	95	107
1	97	114	159
0	55	78	105
2	67	95	129
0	56	58	82
0	26	52	51
0	90	156	150
2	80	114	110
0	65	80	102
4	115	136	222
3	110	140	138
2	129	151	182
0	95	151	160
2	91	145	172
1	77	129	198
6	1223	1637	1226
5	230	162	208
6	334	254	239
15	360	742	1057
9	164	214	332
7	132	170	335
5	176	285	337
16	99	139	235
25	453	1762	3278
11	92	337	522
10	699	1134	1678
25	718	893	910
43	1066	1316	1519
18	837	1138	1530
6	760	1063	883
7	249	336	419
12	429	647	1158
1	318	363	342
55	1095	1971	3720
8	363	598	578
4	1785	2865	1522
6	251	276	261
29	753	1103	1850
3	96	167	335
21	353	537	889
14	376	698	1069
25	555	895	1601
3	92	118	257
20	311	385	332
14	331	424	364
17	330	485	412
27	544	552	454
33	328	365	248
36	463	546	437
42	323	355	333
37	315	427	307
59	689	773	535
28	605	511	411
41	445	549	480
140	667	706	612
17	298	314	230
58	535	635	453
54	545	636	446
50	421	505	376
50	411	525	380
31	311	342	228
45	470	611	444
45	325	360	230
85	855	525	354
77	514	597	392
84	767	915	807
32	450	597	362
14	275	358	312
56	695	820	620
45	502	569	410
39	221	235	214
36	442	513	410
34	337	408	366
21	395	544	345
45	467	596	450
34	479	681	512
51	539	637	445
60	337	423	358
68	409	512	383
34	309	422	273
52	469	535	424
13	3260	4468	2340
60	1304	1384	1150
50	844	1048	902
50	914	1107	813
72	860	1106	896
14	587	1044	1711
130	3938	4022	3557
62	263	659	1268
391	2182	2471	1560
251	3230	8182	18485
14	165	269	371
22	201	406	424
62	804	654	1491
21	398	449	378
25	370	467	322
2	46	134	135
5	90	247	258
5	230	459	452
0	66	149	164
6	232	484	472
9	94	188	395
11	104	205	438
1	33	54	87
21	141	268	567
8	73	161	331
15	115	206	396
10	155	229	416
8	86	183	336
15	100	156	307
6	100	175	379
11	96	124	171
19	128	231	399
1	21	50	41
0	27	50	72
1	31	52	48
144	3094	2853	2567
4	150	266	319
7	396	534	636
7	391	535	604
23	1046	1470	1265
9	353	547	500
4	222	334	349
2	25	36	23
1	35	66	37
0	57	57	58
2	63	73	59
1	64	58	33
2	88	169	182
7	655	608	707
11	468	680	686
20	424	379	369
20	375	456	370
16	166	232	443
8	123	214	262
6576	2279	852	7362
30	171	219	422
35	317	376	736
12	59	114	170
9	63	102	216
18	152	197	409
15	160	289	389
14	73	121	236
8	98	105	193
16	177	293	466
21	48	86	110
11	79	114	213
8	257	353	381
9	182	271	384
30	408	849	1309
21	353	666	1126
29	371	468	362
1	81	124	118
3	66	137	98
9	93	134	132
8	68	105	117
5	89	148	156
20	348	477	967
21	373	712	843
208	1986	4080	10227
80	1093	1696	4378
62	614	946	2417
22	128	160	266
124	5714	3253	10570
6	594	650	796
4	165	224	245
0	34	42	76
8	260	291	490
0	75	145	142
0	45	104	38
2	97	97	112
3	168	217	228
4	167	162	290
2	62	83	84
2	148	207	220
0	4	3	2
3	97	136	161
15	702	788	962
0	123	122	186
7	269	303	420
10	452	607	660
0	55	63	133
2	126	171	203
181	18208	8371	35907
204	20930	9736	41915
245	32203	11496	59514
4	71	84	203
3	104	147	275
4	97	140	343
7	48	95	259
2	68	76	223
7	44	73	190
3	44	77	157
18	179	302	568
3	50	94	193
3	63	102	177
8	54	78	155
1	56	82	210
9	57	106	221
4	50	82	148
3	45	89	182
70	3815	2652	7671
64	7697	2466	7015
17	893	1305	1994
82	667	293	631
4	97	147	183
18	432	483	466
6	222	269	231
18	319	370	277
20	320	384	335
24	383	449	382
10	377	344	325
16	185	259	431
2	58	99	144
15	302	364	510
5	56	84	127
7	159	255	332
3	96	108	143
6	117	178	273
6	102	163	217
7	171	190	239
6	156	158	265
7	81	135	145
4	47	66	79
7	108	199	326
2	136	161	164
31	503	1072	1694
12	288	493	801
29	91	208	211
4	39	64	93
4	59	101	121
5	53	67	98
4	89	139	163
1	15	38	49
3	90	126	222
5	110	214	381
1	21	40	70
5	25	41	128
6	69	134	177
7	37	59	115
2	32	55	95
2	32	53	83
5	29	50	92
5	30	54	72
6	26	67	109
1	27	43	75
1	12	18	31
3	26	49	94
11	27	44	85
1	28	47	88
7	84	147	200
10	63	107	224
3	10	40	37
3	17	46	65
10	41	55	87
3	25	60	81
2	19	24	43
6	50	62	103
6	52	162	168
1	14	28	56
11	2562	1888	1545
5	203	289	337
4	445	522	610
45	1163	1751	2080
21	293	400	373
6	177	233	183
7	271	329	267
3	91	131	177
7	77	139	174
2	86	127	154
23	485	879	1539
25	312	538	1064
10	93	203	322
4	77	101	152
3	112	140	214
4	67	128	205
4	66	99	161
10	58	102	139
9	58	83	152
1	8	24	13
3	47	71	80
3	77	137	184
5	89	151	165
2	30	58	66
1	73	112	150
3	33	71	69
6	166	283	291
3	27	73	88
1	14	16	27
2	50	73	103
5	99	131	176
40	472	864	1134
3	145	315	560
3	215	253	313
7	92	180	317
10	855	1133	1583
10	606	929	1165
14	909	1175	1561
15	795	1117	1356
142	1138	1986	3698
32	231	297	600
154	2463	3002	2797
2	116	145	125
6	48	116	201
4	23	86	121
1	38	93	152
2	38	98	146
0	21	52	85
5	48	115	184
0	15	72	104
4	44	131	200
8	288	325	409
7	219	291	356
4	165	226	262
2	93	225	316
17	1253	1756	2515
9	69	150	227
5	66	87	179
3	70	173	336
4	33	101	167
2	49	118	193
1	69	141	255
4	81	139	298
3	56	209	320
3	25	69	100
1	46	93	158
6	59	143	276
1	31	49	95
2	44	85	168
0	10	33	35
8	54	133	267
2	49	120	169
4	49	79	115
2	67	178	278
0	1	4	1
0	0	2	1
2	20	32	64
0	9	15	32
0	33	101	168
1	31	57	113
3	73	185	334
2	47	96	215
5	117	263	487
4	71	154	265
7	52	73	105
6	152	215	308
0	92	80	155
1	20	40	41
8	95	108	198
5	106	134	189
3	60	95	134
5	77	91	208
6	61	69	110
12	127	163	260
4	61	80	132
14	114	106	238
8	147	103	208
0	1	4	2
11	88	94	165
16	132	182	338
5	82	100	179
5	85	67	142
10	71	79	115
0	58	89	143
7	77	70	130
15	163	247	409
3	67	80	125
4	86	95	113
7	68	77	126
3	91	83	170
12	90	120	264
13	1355	2156	2522
7	86	208	254
4	47	104	189
4	66	131	260
3	62	121	258
6	91	157	349
11	1386	958	1002
5	32	129	177
1	157	315	626
0	17	7	23
1	29	87	157
2	21	60	74
3	42	153	131
2	32	76	122
0	23	37	53
3	34	61	100
1	21	44	79
4	34	81	119
3	48	91	131
3	22	38	65
2	46	74	117
3	40	89	143
3	25	116	127
1	17	64	97
0	5	23	35
4	83	188	281
4	99	216	386
3	76	134	204
5	61	105	179
23	196	184	332
3	42	96	178
1	48	85	198
2	39	94	131
5	76	260	322
17	274	486	725
26	184	274	568
4	44	111	186
3	44	92	135
11	220	397	720
7	259	328	361
4	190	251	303
0	157	219	208
0	41	47	70
5	113	229	224
2	68	156	182
5	62	166	131
6	122	222	228
1	38	69	106
3	90	124	156
1	79	169	130
3	32	99	134
4	69	128	155
16	454	796	660
2	86	122	148
2	21	52	63
2	81	161	136
8	81	176	215
24	68	153	215
25	124	121	235
27	144	166	330
45	198	194	444
196	538	454	1414
12	142	133	94
58	333	286	512
10	87	94	158
6	47	52	91
16	113	122	199
60	229	252	663
11	89	111	270
36	200	199	347
10	59	110	178
109	402	310	887
78	1812	2365	4864
9	521	1012	1530
18	466	1214	1725
14	344	731	1153
13	91	156	175
7	110	143	193
12	117	156	358
21	1525	674	943
55	8156	4232	6035
0	16	29	18
3	67	110	99
2	48	98	116
12	76	100	215
31	186	264	538
14	293	805	1176
0	0	0	2
0	3	12	26
9	211	552	742
0	0	0	2
178	2116	208	926
11	125	198	266
113	280	187	779
20	356	497	786
25	425	622	639
50	603	763	874
38	606	754	805
18	404	572	626
39	469	651	829
22	393	505	539
23	221	444	706
24	141	247	427
1	14	47	46
10	127	272	434
14	162	326	534
35	164	785	1730
24	259	330	642
12	76	121	189
8	55	85	149
20	71	99	170
15	62	103	164
8	117	144	232
24	90	132	299
83	493	266	607
4	52	74	111
8	69	127	208
5	86	118	180
11	102	184	255
9	96	148	223
2	88	196	227
307	26522	16671	17732
10	128	307	593
39	196	327	579
35	125	189	421
12	966	1293	1322
32	421	424	337
22	567	639	530
53	668	1086	1419
6	83	151	255
7	102	156	301
6	86	119	259
7	130	205	435
5	72	111	231
3	52	71	169
56	271	240	514
52	362	330	767
1	1	0	4
57	255	215	560
74	408	363	870
55	407	341	725
2	108	152	123
2	93	141	170
3	188	330	609
2	294	307	307
3	34	80	132
5	327	502	621
0	13	17	34
21	543	554	418
8	171	287	590
16	137	282	502
0	189	288	291
12	219	436	808
2	290	292	268
21	192	340	564
13	70	90	153
23	363	546	616
3	103	168	298
1	8	24	30
10	104	121	202
4	77	122	167
8	94	177	357
14	121	234	382
7	79	150	303
1	67	56	75
18	1652	369	557
68	1372	680	880
1	107	11	9
0	22	17	18
3	34	20	19
0	45	13	24
0	22	8	17
1	79	9	10
1	16	9	8
0	44	28	32
0	114	37	42
0	112	16	18
3	44	41	72
1	28	45	73
4	32	65	129
7	46	120	173
9	86	150	211
1	51	100	151
4	35	70	78
1	55	116	148
4	29	38	73
15	238	389	469
3	80	115	149
14	116	83	94
8	229	347	660
11	165	272	505
112	2254	3530	6701
2	101	150	153
2	131	166	217
3	225	231	244
1	120	180	196
7	80	137	258
6	192	267	531
6	192	300	649
13	810	1172	2112
8	147	175	269
3	365	410	412
2	150	175	155
0	65	75	78
3	145	149	127
2	450	516	405
11	2462	1684	1388
7	554	583	534
0	54	60	54
1	456	466	383
2	788	807	653
1	366	319	257
3	543	556	395
2	632	779	558
2	240	327	136
1	1306	1112	1208
5	715	705	548
6	824	607	642
2	433	409	243
4	582	472	431
2	393	308	292
1	455	460	391
4	2235	2454	1299
5	305	282	288
1	236	211	186
4	75	150	139
3	504	593	443
10	879	965	737
6	333	406	447
0	163	159	152
2	301	354	315
4	253	313	289
4	431	474	482
5	275	353	319
4	348	529	608
1	347	415	428
8	216	367	291
5	323	340	376
3	580	663	481
0	60	54	68
3	486	455	512
1	575	607	544
1	244	296	328
5	749	770	718
4	407	486	426
4	96	90	87
9	410	455	434
1	202	222	193
4	382	410	365
2	268	491	424
2	303	355	367
2	254	304	242
0	246	276	289
1	347	396	372
3	248	241	246
5	247	299	329
5	334	398	409
1	373	425	311
1	504	507	490
2	320	239	262
5	437	482	379
4	318	361	368
1	254	289	292
2	286	351	374
2	248	328	348
1	251	209	231
16	291	289	284
4	248	295	441
1	43	77	85
3	50	107	109
0	24	53	77
0	21	31	25
3	51	86	100
0	28	60	67
0	47	87	107
24	68	130	123
1	51	90	130
4	93	159	185
0	68	175	91
0	40	67	75
2	71	125	172
4	133	120	197
1	73	121	123
1	37	55	60
3	101	185	205
1	65	94	105
2	66	103	135
1	55	117	133
0	67	89	125
3	52	55	95
2	51	110	130
0	21	44	85
0	38	97	81
2	38	89	87
1	21	31	37
1	66	116	104
1	32	63	61
0	27	65	72
6	58	96	140
1	68	104	109
2	68	104	114
1	38	62	119
4	77	130	116
0	38	73	85
3	61	133	126
2	46	105	93
0	29	52	64
1	64	104	111
1	16	40	26
2	49	90	93
1	63	132	124
1	108	168	170
3	56	100	113
0	30	59	70
1	27	51	97
3	87	147	139
2	45	94	107
0	34	52	52
1	36	55	88
1	89	167	170
1	51	118	125
2	74	110	100
0	30	54	54
1	20	21	25
4	165	259	300
3	72	95	80
0	23	53	62
2	94	178	177
1	80	111	194
3	399	431	419
44	73	94	143
3	117	164	216
2	51	85	100
1	28	51	83
4	140	223	207
0	22	79	72
0	63	74	150
0	2	5	10
3	29	54	72
0	80	128	166
3	76	127	138
4	63	112	133
0	40	52	74
0	67	87	73
6	173	291	285
14	285	522	438
2	71	101	83
109	1378	1670	3843
33	243	238	460
15	136	158	352
8	126	241	373
20	662	762	674
52	500	329	754
19	300	420	360
13	301	397	299
44	282	603	1132
31	201	448	760
19	254	631	1370
12	139	316	649
22	249	594	1024
42	289	760	1467
34	234	577	1196
59	238	554	1027
126	364	603	1217
51	340	951	1937
141	692	1485	2697
38	290	560	1120
33	218	388	799
96	237	535	983
27	172	405	680
19	162	286	507
5	31	76	107
0	48	46	98
5	31	54	68
9	55	64	142
6	70	103	138
0	33	38	60
7	55	59	101
0	2	3	2
7	127	194	270
2	336	408	416
32	514	861	1419
22	476	717	1251
23	458	747	1173
28	376	629	1168
34	708	961	1540
16	297	520	679
42	1539	2140	2244
6	83	148	199
5	200	333	345
17	315	600	643
6	275	507	570
8	279	482	514
12	390	623	572
45	724	1201	1335
18	384	556	576
26	369	613	627
10	342	559	505
32	508	739	728
13	238	475	437
33	525	1023	1109
16	405	694	713
1	49	46	47
0	0	9	8
1	21	41	46
0	9	25	16
28	303	466	432
61	460	838	862
30	566	859	974
35	253	397	381
14	480	760	798
75	468	848	665
21	243	668	785
29	251	504	972
27	233	529	911
5	328	483	562
3	174	284	291
0	104	145	166
3	267	393	393
2	53	95	87
6	131	183	180
2	133	210	147
4	162	276	273
1	28	54	79
3	48	69	131
3	37	85	105
2	43	50	131
4	52	77	118
0	31	36	53
2	39	56	72
2	52	69	91
1	20	28	34
0	2	9	7
2	23	28	46
1	31	59	70
2	39	77	79
1	20	50	60
0	10	6	13
28	326	512	798
74	1325	1905	1750
43	745	999	959
4	32	67	61
93	259	176	469
50	323	197	548
1	97	109	169
2	109	114	124
4	181	279	265
0	99	162	147
2	56	89	131
0	107	169	198
1	61	105	83
0	66	98	136
3	508	670	456
1	107	151	173
2	85	139	119
2	66	107	118
2	119	132	173
3	43	76	130
2	36	63	98
5	62	128	135
4	28	61	87
10	133	267	405
5	77	96	169
15	110	204	309
13	126	124	269
3	72	78	137
15	88	127	236
8	78	111	207
7	98	123	241
28	158	208	410
11	115	179	413
4	101	165	297
3	39	49	110
49	458	602	599
29	201	200	488
25	534	829	1243
2	575	618	613
0	5	2	0
0	4	2	1
3	136	154	230
1	102	122	97
0	1	0	1
0	2	1	2
0	1	1	0
2	58	82	60
0	0	0	1
0	4	8	4
3	158	254	192
12	680	1013	813
1	65	98	83
45	395	492	1055
18	150	216	483
6	87	131	216
11	126	150	347
109	1017	1131	2684
51	6270	1217	2745
18	5238	4428	6936
1	20	22	38
5	97	171	204
5	88	136	150
21	425	472	516
18	354	459	452
25	641	663	720
14	314	337	331
6	33	65	129
26	162	247	342
36	324	420	942
7	70	112	241
10	81	168	216
20	174	303	586
47	4971	3741	2778
29	249	328	553
20	177	210	391
29	835	917	811
23	303	599	1122
14	928	1619	1687
4	94	193	266
15	108	105	227
6	111	152	274
10	101	150	191
22	378	523	1009
16	278	272	414
18	282	387	576
12	178	219	394
8	137	195	359
16	78	126	233
20	99	131	247
14	273	342	584
20	241	360	536
25	285	345	678
22	244	254	478
6	149	212	327
7	144	168	273
0	107	147	192
6	74	86	121
6	162	235	349
4	61	107	135
21	170	194	376
7	117	193	323
7	112	152	216
12	161	164	238
122	559	686	1502
8	148	189	233
14	83	153	252
8	119	162	249
50	1255	1225	891
2	103	183	326
14	116	137	309
9	128	167	299
6	858	839	792
60	252	290	680
33	170	163	415
71	266	246	586
46	304	215	549
19	391	602	1149
1	226	256	287
5	1049	883	1082
3	491	413	507
3	108	156	249
4	636	716	824
3	301	340	392
3	83	105	150
2	282	339	441
0	24	44	28
4	273	309	403
1	204	263	360
2	319	421	554
4	181	244	314
0	82	120	149
11	226	354	582
26	638	880	1706
11	185	326	562
6	166	274	570
14	380	554	1025
13	214	362	711
16	314	448	876
387	21539	14583	16310
3	56	112	113
18	115	172	313
11	656	1242	1641
38	730	786	592
15	340	402	263
2	21	45	37
1	8	20	15
0	8	29	6
0	24	42	46
1	14	25	25
0	14	28	14
38	216	373	584
15	144	197	370
3	60	64	133
40	219	439	653
36	365	553	1056
9	85	139	279
9	158	170	277
15	115	162	302
0	1	0	0
0	0	0	2
16	133	220	392
12	110	126	283
11	51	139	187
2	56	97	176
13	51	89	210
12	65	127	141
12	101	163	351
8	131	178	314
6	74	119	232
7	1323	1614	2335
10	1074	1282	1921
2	54	163	237
126	2140	22170	23211
23	869	3840	4139
30	1128	5963	5523
9	111	478	409
6	221	769	776
5	117	663	541
8	244	1027	933
7	292	1327	1102
4	56	308	277
3	141	734	696
16	214	784	1259
7	193	674	1038
16	210	825	1164
12	201	717	948
33	1177	3755	16388
22	835	3249	8022
21	1141	3385	8990
19	364	1153	1508
7	190	601	759
9	515	1738	2284
24	1994	6379	11068
18	1518	5348	8900
29	2378	7691	12977
18	584	1575	4314
10	495	1269	3388
37	2276	8366	13932
22	1186	2898	6575
30	1300	2698	6316
21	878	3317	6341
21	1090	2509	5726
4	279	978	1597
25	2097	5614	8983
19	2105	6852	10510
96	27382	132558	139815
25	1145	80346	105813
23	984	15882	21660
17	551	1501	4252
11	2374	4969	1917
15	1928	3869	2208
28	5610	6354	5260
17	361	1703	1923
7	262	831	1091
14	242	806	1225
20	332	1583	2201
13	219	785	1031
13	336	1111	1671
3	46	280	713
35	615	1603	3771
111	447	365	939
55	328	245	673
29	103	75	145
58	273	144	392
71	399	308	618
58	366	245	624
67	1093	942	1908
35	763	653	1174
38	779	657	1354
210	3694	3462	5137
5	41	119	119
54	183	271	381
39	96	134	242
348	488	618	1283
10	72	101	172
30	61	81	129
17	69	89	120
9	58	83	132
142	223	243	446
207	235	250	391
1232	1016	680	1636
62	111	154	268
258	246	177	369
25	111	167	374
23	204	306	680
92	1002	1201	3125
94	983	1277	3265
12	180	407	627
48	356	425	1036
13	252	787	798
13	761	2782	1861
14	245	792	1077
4	51	526	340
6	401	1683	1135
11	952	3690	2285
13	151	376	531
50	766	849	1804
63	606	713	1555
45	818	746	1360
23	173	208	287
78	951	812	1663
23	488	511	918
26	704	648	1073
36	655	540	1054
53	2906	888	1694
78	992	643	1301
37	828	459	1004
49	940	534	1131
48	929	483	1093
37	271	458	662
26	173	227	375
33	141	228	433
39	236	301	496
28	146	253	370
49	397	203	433
31	199	189	351
20	101	87	184
0	1	6	4
6	79	76	138
27	109	133	281
16	49	63	135
12	116	165	302
11	94	180	340
63	1168	999	2304
48	986	739	1714
11	142	1697	931
4	141	1544	761
13	232	2291	1118
84	290	224	676
23	112	99	144
0	5	2	9
76	307	250	895
7	84	62	80
156	580	549	1165
659	616	504	608
112	689	304	802
1040	1594	709	1725
98	434	264	718
77	1104	1476	5495
21	628	1716	958
7	49	78	100
4	43	67	125
6	37	53	116
30	95	77	133
11	34	62	108
12	47	60	96
18	90	122	194
84	150	112	256
5	24	21	62
56	109	133	215
37	80	79	205
26	54	88	128
13	50	59	75
0	10	25	37
24	51	37	77
17	37	42	84
19	60	81	151
9	36	77	120
28	63	76	146
0	1	1	1
4	56	86	154
34	97	93	166
49	97	105	183
15	155	267	495
17	180	238	406
18	228	344	622
23	175	293	501
7	224	348	575
3	76	113	233
40	1017	1432	2617
21	651	1012	1726
100	2122	3393	4980
9	186	304	561
7	133	250	493
3	83	111	221
7	125	183	412
6	110	155	256
5	101	162	369
7	71	127	268
8	77	167	275
4	71	147	293
5	40	74	135
7	24	60	101
3	54	80	224
13	112	200	309
20	251	333	536
58	335	492	956
28	342	219	528
38	282	241	540
4	306	303	450
2	322	401	434
4	306	415	545
3	104	133	181
4	87	147	166
3	68	104	151
4	61	87	162
4	60	115	223
8	71	108	259
1	14	9	20
3	333	328	309
0	51	41	43
2	1195	512	943
8	1541	903	1178
26	734	1083	1915
30	3694	3759	6194
1	42	82	114
7	60	118	167
4	78	169	170
8	42	72	106
7	182	272	358
1	13	21	16
8	126	208	284
0	109	160	210
79	1598	1857	1722
11	340	680	831
14	421	494	504
17	207	367	533
1	3	7	37
6	51	70	140
23	160	265	451
3	16	28	60
9	81	136	301
0	0	2	3
6	52	80	161
3	34	58	105
3	20	45	57
2	36	72	128
6	51	72	147
6	52	70	140
2	2	7	19
8	60	77	153
3	63	102	156
16	190	273	662
2	26	30	79
7	55	73	114
12	112	155	345
0	46	84	141
8	97	94	172
1	1	4	8
3	36	62	149
7	46	99	175
14	155	243	478
6	45	70	128
4	34	51	99
28	150	238	445
3	49	85	140
7	34	57	131
0	28	37	77
4	30	90	100
2	41	84	97
0	10	31	46
2	60	88	163
0	1	7	2
1	8	8	14
2	14	22	58
0	7	7	7
5	42	91	211
10	60	88	182
4	38	75	121
12	100	115	216
5	49	56	116
3	23	33	63
4	22	35	42
13	76	128	295
2	33	69	72
1	0	0	1
1	8	26	54
5	41	84	106
12	189	308	710
7	60	120	223
6	57	63	162
7	40	65	125
3	10	30	40
2	21	48	42
3	39	58	40
0	11	28	34
1	19	36	43
2	34	60	46
1	11	40	33
0	13	27	23
0	20	47	32
1	20	37	41
0	22	39	37
1	12	31	28
1	26	26	38
1	12	26	24
1	21	35	38
4	37	62	47
0	22	44	26
1	32	52	53
2	18	40	29
1	19	37	35
2	34	40	20
0	17	33	15
3	21	48	37
2	17	61	36
0	15	29	27
1	21	43	21
0	27	50	39
0	11	20	26
0	25	39	30
0	21	47	43
1	24	30	32
0	42	41	30
3	25	48	28
0	11	29	25
1	29	53	34
1	30	58	41
0	13	29	29
2	19	22	24
2	42	99	99
0	16	28	27
2	20	47	21
1	19	21	40
1	28	67	43
5	26	64	41
5	117	169	112
1	20	33	27
0	15	40	32
1	18	53	44
0	7	19	16
0	17	64	48
0	12	35	32
3	12	37	33
1	17	41	43
2	10	41	34
0	10	16	14
1	32	52	52
3	21	51	39
2	9	25	31
0	16	36	41
1	9	15	22
1	11	36	25
2	27	44	55
0	5	15	14
1	26	81	59
14	291	284	239
27	559	624	488
21	302	358	237
67	590	1066	2121
58	446	882	1659
82	792	1541	2840
44	477	832	1541
17	404	690	1139
62	1569	1573	1310
6	153	270	559
117	890	1595	3048
2	40	94	166
5	44	118	191
2	40	112	183
2	43	110	157
2	43	106	180
3	25	61	88
2	30	55	109
1	15	46	104
2	35	69	112
2	34	66	116
0	1	12	15
1	16	25	36
0	30	92	142
11	3344	1993	1894
18	4594	3906	3250
2	74	124	197
3	74	131	216
4	49	148	184
3	99	113	190
5	72	145	220
5	50	141	217
5	65	153	228
5	26	91	122
1	101	169	262
1	17	28	54
6	22	35	44
5	53	57	89
3	44	38	72
21	164	245	359
3	41	56	87
2	11	20	35
11	64	83	140
7	96	137	136
2	37	34	45
4	37	49	87
6	49	66	84
2	43	89	140
2	59	111	152
8	138	175	273
2	14	59	47
20	227	289	454
1	42	50	70
4	121	189	261
4	35	84	122
0	30	42	106
1	33	61	84
25	226	326	575
48	450	583	1205
112	1605	1506	2401
100	835	972	1027
205	1640	1877	1800
229	1338	1548	1661
23	290	549	606
13	475	598	829
6	143	196	374
17	178	236	378
9	122	114	268
11	352	565	961
21	313	538	1012
17	170	201	345
13	190	235	442
18	320	377	373
77	843	1773	3901
112	880	1108	2940
43	353	442	992
62	348	442	1077
100	304	286	522
88	407	443	848
187	772	833	1566
185	542	494	1139
176	1356	2465	4649
40	505	755	757
28	644	1146	829
6	51	79	153
1	43	51	97
1	27	68	128
6	51	82	185
5	36	75	120
12	125	199	388
4	51	81	156
6	40	71	160
1	47	57	119
4	79	148	242
10	59	114	209
3	29	61	114
10	47	70	152
9	113	138	255
7	66	100	179
13	60	106	204
9	89	192	271
6	31	85	129
2	38	74	182
4	60	113	213
3	48	73	129
12	72	121	261
10	67	169	236
3	26	55	102
9	58	92	179
5	73	137	240
5	46	80	138
5	52	101	158
2	61	91	147
7	25	59	112
5	70	128	253
6	102	165	292
2	48	93	210
9	126	178	448
8	51	95	202
4	63	118	244
4	77	147	218
4	72	93	172
1	52	70	140
9	79	143	280
6	84	160	460
1	83	100	209
4	49	81	151
2	76	85	175
4	64	132	263
2	17	36	75
3	84	119	212
6	107	162	274
3	47	46	138
7	58	82	207
3	41	76	115
4	73	134	191
9	108	146	347
1	42	46	166
3	48	88	163
4	55	53	106
3	44	90	130
6	69	114	169
6	65	105	162
1	45	67	123
30	611	1011	1739
12	248	407	694
26	267	435	402
12	216	245	176
13	197	327	635
13	183	333	685
144	2923	14962	18149
2	89	167	200
18	497	639	1081
11	354	696	1156
27	449	622	867
9	66	107	185
9	70	90	138
10	67	149	189
28	89	141	208
15	69	98	217
15	55	146	195
37	95	130	215
11	62	135	196
27	99	125	230
27	95	122	232
45	493	851	1013
8	53	121	165
9	89	130	153
6	52	84	173
5	46	84	124
5	58	74	142
2	66	70	150
10	126	102	187
10	116	140	214
8	98	135	226
0	34	64	109
29	368	528	1012
1	149	209	242
4	288	355	408
9	148	213	347
29	336	383	558
13	128	208	311
20	122	196	376
19	166	273	421
6	84	117	204
3	79	94	102
2	22	17	48
1	0	1	2
1	27	57	33
4	64	76	122
4	95	135	201
17	3019	2786	2101
14	2777	2438	1914
1	26	74	69
3	77	134	140
5	65	129	180
6	76	139	180
16	116	150	983
30	1038	1093	769
17	220	273	225
14	162	200	161
7	101	107	69
10	215	264	184
1	141	179	231
5	134	202	282
2	143	184	277
65	3200	5461	8682
28	2218	3467	5977
27	1876	2725	3532
0	263	227	238
5	219	230	232
0	312	286	304
2	190	243	205
2	299	432	346
2	111	123	150
4	203	274	256
6	347	378	446
6	90	92	241
16	343	426	424
46	828	1313	2188
29	755	1138	1883
50	1399	1887	3912
21	398	850	1172
7	3259	3499	1856
6	1716	2351	1385
4	2368	3491	1844
0	35	75	29
5	4638	5313	2910
70	1492	2334	5076
62	503	465	945
133	1795	2318	1605
51	440	581	937
45	336	271	618
54	270	272	606
7	1324	1113	1367
13	1293	1768	1493
6	459	538	605
1	459	570	702
4	571	778	587
16	2354	1775	2283
14	766	932	1209
12	1343	1336	1809
8	647	712	878
6	557	609	709
9	878	1098	1072
11	1167	1461	1109
7	801	826	964
8	464	647	666
8	828	983	1252
2	421	450	458
11	1023	1009	1326
1	333	307	381
8	663	822	835
0	44	60	49
4	560	526	564
21	1366	1547	2000
3	296	366	307
5	536	690	821
1	267	255	247
5	531	590	500
6	746	822	871
16	1490	1668	1289
0	298	414	475
5	544	551	672
1	520	483	531
6	503	566	670
9	1258	1300	1787
5	454	439	558
5	883	946	885
22	2973	2870	3964
14	1356	1507	1719
2	279	285	268
2	280	386	328
4	369	905	424
7	485	559	669
6	388	436	373
2	204	225	214
10	822	841	890
3	179	198	286
6	317	354	342
2	180	228	278
6	522	574	618
8	653	681	838
7	985	979	1115
8	610	666	780
7	704	733	949
1	341	417	471
9	543	614	691
8	714	711	839
1	79	69	70
3	196	232	254
4	111	115	130
7	396	407	513
1	6	10	18
7	450	433	511
14	775	876	982
5	390	451	500
6	649	789	808
3	356	462	414
1	155	133	159
13	1416	1238	1672
1	73	89	81
10	1609	1628	2109
1	412	462	182
1	236	224	318
5	447	654	591
4	237	223	297
5	1006	939	1154
6	753	833	944
5	299	328	416
8	398	544	476
3	214	255	233
6	305	351	400
8	463	468	489
14	285	1135	1598
63	14674	9420	6771
29	369	330	697
67	111	113	261
48	149	151	335
29	81	86	194
59	128	126	314
11	111	200	506
4	72	97	144
7	142	182	249
1	32	46	81
8	108	123	183
3	41	54	58
5	44	101	151
1	26	32	46
4	53	73	95
2	49	74	94
3	19	36	34
3	39	51	67
0	29	31	49
6	63	94	145
3	24	35	42
15	3359	1519	1124
26	3901	1868	1455
20	4957	2509	1883
19	2984	1362	1057
19	3809	1644	1266
6	1011	429	324
19	2929	1439	1334
13	1631	689	482
71	901	1806	3902
12	122	146	258
10	70	111	273
2	4	4	12
5	44	58	127
1	35	45	58
0	27	35	49
7	65	88	174
9	46	61	121
9	55	113	184
3	44	79	117
3	40	52	161
2	393	416	389
3	447	404	398
1	52	74	81
4	105	118	217
4	108	154	125
4	112	154	161
6	137	180	187
11	96	110	205
2	50	79	93
0	45	83	83
7	119	172	234
1	46	95	85
5	115	123	187
7	113	221	394
14	117	273	490
5	132	236	427
8	377	465	477
0	14	29	22
7	65	67	124
1	47	73	105
0	14	15	38
6	105	120	183
2	65	97	124
3	55	103	94
0	27	39	44
4	54	116	109
34	551	646	546
59	1097	1228	974
29	769	951	874
63	971	998	963
51	708	752	643
36	1394	1547	1563
78	1108	1374	1118
53	1166	1167	959
32	619	671	516
31	925	1077	1009
12	94	136	214
10	101	191	258
2	71	111	123
58	3926	2927	7617
30	8309	13301	19243
13	2485	4324	5765
38	8535	17899	25369
21	3475	3581	2308
3	194	278	258
5	212	291	334
2	165	229	218
1	153	224	253
7	239	355	334
3	265	414	387
9	233	393	407
1	167	316	286
2	153	239	232
0	98	117	99
4	251	402	400
5	159	227	241
3	175	240	298
3	86	120	94
1	37	51	53
4	269	355	310
4	203	235	234
2	126	221	102
2	155	217	242
2	215	240	204
4	331	365	434
4	1092	765	529
9	762	734	615
2	293	387	401
7	311	381	316
3	194	227	218
2	167	262	245
33	118	143	300
22	553	921	1269
22	558	1072	1645
6	77	320	117
2	38	47	65
25	500	738	1698
24	454	564	1495
14	5429	675	1087
2	32	57	81
4	406	468	411
12	159	219	338
7	123	164	239
5	91	175	251
5	210	331	493
4	51	109	135
1	59	77	151
16	192	252	356
24	835	1197	2396
7	119	147	217
5	109	135	226
154	2765	8399	33771
20	343	916	1402
129	1404	2595	7126
134	1193	2258	6655
349	4672	8481	17899
20	522	903	1454
4	117	225	379
11	188	301	532
0	1	3	23
1	168	260	275
6	199	253	216
2	120	146	177
0	11	20	35
13	356	416	712
5	271	418	626
53	103	169	236
11	412	612	1306
24	553	858	1401
35	541	551	417
115	614	381	1206
38	168	215	438
8	215	337	520
21	500	220	356
5	237	258	322
3	450	556	599
91	1346	1587	1419
59	1101	1260	1174
41	829	959	873
21	88	179	223
8	41	100	180
9	43	88	110
9	40	65	111
0	204	235	273
5	389	348	331
5	397	392	340
4	214	202	246
9	799	808	671
5	302	268	260
2	198	180	209
6	259	255	271
13	603	548	507
1	239	249	240
5	158	169	182
2	168	165	220
2	149	211	171
67	132	217	358
5	92	114	166
5	65	110	197
2	179	190	149
0	156	186	145
0	84	101	84
2	285	309	231
6	215	211	186
2	176	199	162
6	512	452	401
4	329	356	317
4	187	179	143
4	291	303	245
5	346	336	244
1	138	168	140
3	133	163	130
1	114	92	84
2	154	169	143
3	221	220	208
2	112	105	125
0	100	109	120
0	78	74	63
3	154	189	104
1	54	60	56
1	113	92	93
5	352	254	277
2	139	185	125
3	172	158	152
1	137	153	116
2	98	100	71
1	268	202	214
1	146	112	129
5	141	144	116
4	287	299	272
3	217	199	151
3	627	468	413
3	167	209	189
1	88	112	89
2	433	381	303
6	100	94	116
7	382	382	338
3	255	239	247
1	186	155	153
1	85	86	70
1	130	141	125
2	153	177	143
13	1816	1422	1220
5	204	208	226
0	41	61	63
5	115	131	104
2	74	76	75
1	81	72	60
5	192	227	147
0	30	22	29
1	201	186	173
1	92	89	91
2	123	128	131
3	78	80	71
1	128	147	143
1	72	81	96
3	190	219	173
4	211	224	155
3	195	157	117
1	108	132	97
2	166	161	156
3	225	225	211
4	335	307	243
2	85	92	78
7	281	286	243
1	20	42	64
287	834	982	1587
28	369	511	907
72	2137	4632	10755
87	18635	15734	10786
3	62	131	232
7	45	99	200
0	69	131	213
1	63	134	227
3	76	159	230
13	65	110	210
0	39	65	104
8	61	105	193
2	27	66	91
0	17	42	67
3	46	103	141
9	109	164	266
0	3	26	30
0	0	1	2
1	2	6	8
1	1	2	1
2	10	17	22
0	1	1	1
2	12	17	32
0	1	1	3
0	0	0	1
0	8	6	4
0	0	1	0
0	1	0	0
2	67	120	198
3	34	70	131
3	200	540	717
2	86	129	201
0	19	22	46
2	2026	1068	1245
157	2500	1668	3833
15	4018	2610	2449
7	1358	1194	1723
25	6468	4134	3933
3	1706	1130	1033
4	68	93	119
6	109	192	175
3	131	213	245
4	66	88	136
5	81	132	147
2	38	71	57
4	84	133	142
51	333	221	601
15	152	183	269
21	544	949	1462
37	692	1181	1933
9	376	841	1126
13	44	65	88
2	34	60	68
0	37	54	48
8	128	209	264
6	211	333	413
2	62	85	150
14	365	499	601
11	78	143	157
13	317	489	620
1	48	52	75
2	69	88	96
5	169	230	326
8	113	140	182
15	128	214	277
2	12	37	49
5	107	115	160
0	1	0	0
0	15	23	33
2	26	26	21
0	23	35	40
1	24	19	32
2	38	38	52
3	25	35	41
2	37	78	100
1	50	52	77
1	49	75	77
7	52	55	62
1	25	22	24
0	28	27	42
0	1	1	0
1	32	31	50
1	14	28	27
2	22	32	27
7	107	175	223
5	133	209	280
3	37	64	56
7	573	659	687
0	203	239	253
0	112	130	98
0	53	81	60
3	148	227	211
3	180	234	185
0	78	86	63
3	82	129	184
6	40	97	131
1	54	131	179
36	393	350	729
23	215	194	373
78	476	421	955
43	340	277	530
23	97	155	321
268	2098	1594	2615
7	50	52	106
51	393	465	819
19	88	91	159
3	56	62	128
22	84	74	100
2	28	41	47
18	125	132	280
24	100	96	177
16	88	113	240
6	101	97	202
13	104	162	287
2	36	51	71
0	40	24	60
15	168	185	335
3	72	87	129
5	40	33	69
1	75	86	120
19	58	63	158
10	115	142	231
13	101	149	362
130	1007	1283	2437
13	103	101	206
9	38	60	100
31	179	234	429
11	88	99	156
13	133	88	186
16	194	164	301
15	127	160	251
8	121	120	234
31	233	255	528
13	95	94	130
4	26	19	30
12	58	60	100
37	276	335	557
4	31	30	54
7	32	44	90
29	143	195	394
5	52	77	115
5	23	21	34
7	87	84	153
38	318	279	648
12	63	79	101
7	62	67	143
145	780	835	1348
46	301	349	650
8	66	73	96
0	11	10	24
6	88	71	170
13	101	99	113
0	5	19	34
12	95	96	207
0	2	0	2
16	25	32	66
8	43	35	86
23	114	118	243
5	27	55	101
0	0	0	1
5	45	71	116
4	39	44	72
3	24	29	74
9	66	86	147
7	79	91	190
4	23	41	84
1	46	11	49
2	45	65	82
168	424	49	102
6	45	69	102
15	84	83	200
2	22	19	56
4	32	55	78
5	35	34	84
6	55	66	138
11	49	59	98
5	37	54	81
3	35	36	81
1	39	52	72
6	59	55	149
0	1	2	5
2	36	49	102
3	18	27	55
7	45	60	138
9	37	48	70
7	57	54	124
2	29	30	98
6	51	30	62
5	31	37	96
0	54	49	77
3	51	62	56
16	31	39	120
9	104	86	139
8	45	40	60
8	79	57	84
4	67	53	129
6	32	32	56
11	87	108	181
7	53	56	129
2	21	49	77
7	32	46	94
6	26	36	53
1	8	5	12
6	45	36	89
1	10	7	8
0	0	1	1
3	12	10	24
1	3	0	0
3	52	50	105
5	50	51	70
0	6	13	18
1	4	3	12
3	13	22	35
0	3	7	7
1	4	1	9
2	26	31	54
26	170	135	299
10	77	120	232
7	27	48	118
2	24	31	48
0	2	3	9
9	105	114	156
4	42	75	139
5	33	57	130
10	60	100	136
15	79	50	117
7	44	50	92
5	31	47	62
1	15	17	57
6	32	39	37
1	50	55	110
5	13	24	34
5	26	23	44
6	93	103	176
8	37	41	48
7	42	45	146
6	52	60	133
1	26	36	57
7	99	109	202
0	5	13	15
0	3	8	6
2	11	14	22
3	40	75	78
6	16	24	56
0	2	1	1
9	55	51	102
4	36	70	123
9	87	89	144
1	11	6	19
2	62	66	111
0	1	1	6
3	32	30	57
6	37	41	113
12	31	42	91
3	29	30	42
2	8	19	42
276	1315	1028	2048
1	25	36	62
128	985	1123	1708
4	34	40	40
6	55	73	127
13	158	165	419
25	108	115	294
7	24	24	32
10	68	215	2125
10	39	53	79
8	57	72	145
19	204	313	674
13	79	163	300
14	134	185	393
12	68	120	226
9	73	113	229
8	131	179	392
2	51	99	161
3	454	625	564
7	48	58	95
50	1106	1194	1187
3	493	749	1231
11	614	967	1483
3	119	156	240
5	119	161	214
2	61	75	132
0	26	31	46
7	79	88	181
18	147	158	283
20	207	323	543
7	35	40	110
9	670	996	1035
2	49	92	62
4	44	104	148
7	24	49	74
2	60	87	90
6	83	96	165
0	19	49	51
3	40	46	61
1	15	31	34
2	31	53	39
3	35	42	45
1	32	43	62
6	38	58	94
0	36	61	75
0	0	0	1
1	10	9	9
0	0	0	2
22	346	390	350
12	263	321	255
9	280	305	468
9	213	232	342
12	163	211	331
7	323	385	503
14	346	478	327
32	395	462	318
33	172	123	377
21	140	167	357
2	775	851	1110
9	66	169	313
10	188	682	1022
9	242	754	1215
7	146	500	826
7	143	338	529
1	142	144	180
4	56	59	90
124	222	248	529
310	1029	940	1867
9	9	13	13
286	406	223	313
133	166	153	264
17	107	71	234
68	239	206	441
81	103	77	208
166	423	180	709
0	14	5	19
0	53	35	40
5	102	211	303
4	19	52	70
295	669	804	1942
1	162	177	259
14	117	170	323
14	126	157	234
3	142	156	314
16	212	250	370
7	235	203	349
28	155	285	553
8	69	98	209
19	279	330	595
14	150	220	379
0	19	30	45
15	109	145	267
14	119	167	233
79	955	1425	2448
9	94	160	196
0	12	24	36
12	127	218	375
3	91	152	212
10	66	107	190
6	110	199	325
12	220	286	495
3	66	100	176
2	37	35	62
1	60	80	148
10	34	56	116
12	70	102	166
7	73	129	291
9	67	57	121
5	84	85	171
1	60	64	125
4	15	18	26
2	51	58	102
0	12	35	16
5	91	120	210
4	74	136	255
7	54	93	194
3	68	208	127
3	47	49	98
3	8	18	11
1	40	68	122
7	91	146	222
29	332	478	830
3	47	102	151
10	111	97	232
21	121	209	294
14	136	217	384
18	138	201	392
16	118	148	298
7	57	85	196
19	114	167	350
24	184	232	474
7	78	172	466
2	26	48	80
33	88	110	250
23	96	165	295
5	45	79	106
9	58	95	116
5	28	79	85
2	24	54	100
3442	2909	1963	3190
17	83	125	190
14	47	68	120
60	214	257	401
9	41	74	107
987	826	523	886
6	45	74	117
299	363	427	660
16	50	96	213
2	20	30	32
10	52	75	123
27	67	64	117
1	13	15	30
23	45	63	137
20	68	80	110
12	42	50	90
2	19	31	58
143	130	124	158
4	34	36	76
19	44	77	110
3	64	105	154
38	112	156	314
6	7	1	12
15	179	288	463
9	160	303	376
33	822	922	825
44	819	1493	4031
27	744	1394	3351
83	1508	2841	8482
36	973	1890	5452
41	1196	2354	6477
89	1121	1814	4780
25	152	234	1131
186	723	915	2203
77	804	1371	1973
24	362	561	868
20	409	693	1229
74	1541	2468	4268
17	246	424	465
39	373	601	1016
3	31	60	41
1	29	63	60
0	10	20	19
5	47	122	135
1	8	15	13
2	40	49	71
2	7	14	15
0	4	14	12
2	12	24	20
0	11	24	37
1	7	5	10
0	2	12	15
2	18	61	56
0	14	11	28
0	12	18	27
1	12	22	27
0	3	6	5
1	29	51	42
9	98	191	165
9	150	333	283
13	289	870	1703
13	347	442	387
14	252	298	271
11	2356	2117	1929
12	2398	2108	1673
33	611	997	1323
20	314	337	409
11	71	150	183
5	465	455	446
8	846	893	685
9	161	301	347
1	55	102	146
3	50	101	128
4	67	99	151
2	35	64	89
9	59	97	114
19	192	257	528
15	146	210	365
7	75	121	215
4	12	21	37
16	113	187	282
35	239	327	719
7	77	80	170
46	791	1017	1042
2	29	57	88
9	42	54	96
6	108	145	247
5	91	116	248
10	75	104	185
15	186	279	511
21	138	281	448
35	246	151	395
77	510	382	851
26	442	829	1535
29	375	581	1421
40	809	979	1208
7	81	88	142
2	57	127	126
4	65	94	122
4	99	145	207
3	38	54	71
91	378	395	971
23	12949	6329	5111
0	54	70	72
2	127	172	217
0	336	469	494
5	395	750	824
7	2146	3473	1489
4	1380	1290	1040
5	1897	3075	1390
1	690	725	522
0	229	353	386
5	319	547	499
9	1382	1665	1311
2	530	564	454
8	1466	1653	955
5	415	539	573
5	575	572	457
25	2845	3304	2944
3	1690	1032	1200
2	312	405	289
6	981	1109	995
0	158	135	126
2	293	382	306
12	651	1298	492
5	440	538	415
6	428	615	409
0	6	5	5
80	1290	1608	1723
36	1178	1358	1486
80	1544	1709	1824
7	357	394	463
5	549	623	741
4	49	96	109
56	5633	4366	2972
2	65	80	170
2	54	75	179
2	53	85	163
3	21	35	62
8	85	140	285
4	26	77	89
2	40	64	130
3	60	72	163
4	27	45	119
3	105	161	329
3	65	135	217
6	89	158	282
5	45	104	188
5	117	147	318
23	208	308	532
5	139	212	394
16	485	532	453
2	160	251	308
9	64	202	381
33	159	275	413
7	196	336	484
15	38	77	111
3	111	175	141
0	103	168	152
2	102	149	196
16	324	407	355
18	574	620	569
6	108	133	207
17	190	385	560
11	150	217	425
17	226	419	695
17	347	577	1150
5	61	120	181
3	33	68	95
4	57	63	97
6	104	172	239
21	384	663	1054
3	26	48	76
63	687	769	1095
8	256	346	399
100	777	1386	2563
4	62	77	155
23	71	105	193
3	63	128	247
70	803	1054	863
6	104	175	194
24	478	857	1584
2	42	105	123
6	55	152	196
0	36	64	59
366	2303	5358	16086
6	88	142	302
59	970	1488	2753
12	929	1078	1018
20	6828	3392	2829
126	765	636	1759
8	66	98	167
1	159	232	227
25	315	316	296
685	838	816	1717
427	647	595	1199
241	700	908	1203
9	63	90	116
211	1768	2221	2536
6	39	57	91
2	42	64	104
2	188	236	270
5	536	515	846
4	250	239	311
5	223	246	321
23	2143	2192	2797
7	285	357	364
2	375	373	538
2	166	212	284
1	298	257	298
1	152	122	197
0	126	170	219
3	427	363	490
3	130	134	183
4	134	167	237
5	200	224	343
1	180	197	257
3	466	410	593
1	304	273	457
9	41	92	133
3	60	67	164
19	216	303	436
2	38	47	59
12	266	382	524
1	56	80	85
14	125	168	229
2	77	105	119
0	2	3	4
6	97	144	286
1	36	22	40
3	12	21	37
2	5	5	14
4	65	94	98
8	61	122	171
2	41	75	108
3	13	35	32
2	243	276	249
6	157	193	292
16	128	151	258
8	178	178	311
11	107	135	201
4	105	153	198
9	85	239	282
4	98	132	251
5	140	163	251
4	32	53	55
8	92	178	262
6	111	161	285
6	152	241	315
3	59	64	105
5	58	128	146
9	59	59	103
6	146	213	309
2	105	184	235
5	73	101	114
0	16	18	21
1	7	8	9
0	26	34	40
2	13	21	23
3	534	682	742
3	56	71	103
14	139	203	398
2	192	208	239
8022	2004	1022	12568
24	148	187	359
1	38	74	78
22	249	268	525
71	723	2157	4871
6	48	108	125
49	498	130	485
284	3571	7487	22008
4	96	117	273
27	231	365	664
7	180	200	341
33	571	852	1174
55	1198	2054	1595
2	91	112	150
5	273	328	597
1	158	183	318
8	119	183	278
62	3197	4108	25708
75	5000	5015	31301
15	284	496	469
14	153	224	336
6	75	80	137
5	82	140	146
37	208	305	532
46	214	281	556
15	121	173	416
34	506	1003	1979
25	381	580	1203
25	232	479	1037
151	2453	2582	2005
4	379	374	354
165	1651	2497	4929
93	1113	2178	5093
7	1307	1055	1815
6	2557	2284	3753
8	3413	2774	4566
114	1121	396	914
34	652	784	656
21	726	733	573
22	885	956	963
35	675	707	592
8	344	372	308
28	499	538	403
51	672	753	565
20	673	693	555
19	85	116	172
25	91	185	337
9	46	50	151
2	47	65	90
1	36	44	95
1	5	9	19
3	13	22	54
21	55	76	125
2	217	91	164
11	54	76	130
11	52	70	143
23	63	114	225
10	61	66	127
22	90	130	231
8	57	103	170
11	73	108	142
34	109	171	232
28	192	279	426
10	68	82	163
15	81	120	188
9	76	138	204
11	63	122	148
14	52	110	188
14	75	98	174
13	125	165	269
25	117	166	304
5	59	87	160
1	17	18	18
106	95	150	247
18	87	158	229
15	98	171	286
34	102	153	217
9	71	120	167
10	34	71	132
4	61	119	194
15	53	71	154
11	77	96	195
13	104	146	255
5	73	139	251
13	82	165	217
59	58	80	148
46	58	108	130
8	92	174	250
5	48	98	122
18	96	119	305
9	64	85	212
4	60	91	197
13	1656	1839	2792
11	1777	1754	2959
2	2311	2207	3557
21	1954	2262	3093
11	3622	3295	5346
10	2106	2062	3051
19	2841	2943	5488
3	27	48	61
1	26	47	50
2	21	49	34
2	24	41	46
1	29	90	70
0	30	50	55
1	16	59	50
0	22	74	49
1	27	65	60
44	928	1197	1324
15	573	774	840
45	1206	1362	1640
38	724	939	1135
12	292	457	746
22	383	698	1101
19	146	201	395
15	127	208	408
144	2224	2974	2430
0	277	307	349
8	478	451	478
5	361	353	409
2	174	269	226
6	275	329	410
33	9239	5275	9964
21	6189	7048	7951
19	8533	9238	10512
5	227	335	378
0	6	6	8
2	209	202	228
4	193	261	255
0	170	241	425
16	444	630	1145
2	66	123	106
1	37	52	65
13	480	698	648
1	71	114	103
0	38	45	48
10	248	642	307
2	73	83	87
1	64	94	119
2	68	127	121
0	37	87	65
2	88	150	152
2	67	107	132
2	68	121	117
0	35	41	49
1	54	114	99
0	44	79	77
1	22	37	44
0	42	78	70
2	110	110	140
5	41	72	90
1	44	51	66
0	24	36	36
0	45	80	85
0	3	36	8
0	3	5	2
2	28	39	48
1	15	21	25
3	86	99	132
1	22	26	18
1	98	133	149
4	116	400	571
10	120	197	342
19	152	243	454
8336	7574	5119	8836
7	56	69	158
1512	1285	940	1477
131	140	113	195
322	320	210	407
253	221	208	310
122	1137	2032	3932
3	211	261	307
1	114	217	236
34	260	360	363
3	105	134	132
0	28	29	38
0	47	42	40
0	14	31	46
1	30	43	30
2	31	52	37
0	42	72	50
2	13	41	40
0	20	13	8
1	36	48	60
1	26	46	56
0	15	18	10
1	72	93	88
0	62	65	91
1	86	110	149
2	109	156	144
0	32	72	73
0	86	96	85
1	79	71	100
0	20	38	37
3	43	70	62
0	22	28	26
7	64	94	90
2	73	89	76
2	48	99	82
0	26	30	47
2	5	12	16
0	37	63	71
0	59	54	69
0	53	76	81
2	63	74	98
9	263	392	398
4	176	180	239
0	22	31	25
5	86	132	135
1	53	46	45
2	54	75	71
2	99	124	165
2	82	111	98
0	12	16	15
2	17	18	26
0	37	57	65
3	165	279	274
1	45	91	72
0	30	50	66
0	21	40	44
1	20	37	73
2	86	134	143
0	32	61	54
4	84	147	111
6	167	212	292
4	120	145	171
1	33	37	43
0	1	4	2
0	6	12	16
1	20	32	28
0	8	12	12
0	2	0	0
1	6	4	7
0	19	26	34
1	5	12	5
0	4	11	7
0	0	2	2
0	10	16	17
0	26	29	31
0	6	7	4
0	0	1	1
0	4	6	1
1	2	5	8
0	3	0	1
0	4	9	4
1	9	12	23
0	5	6	6
1	7	22	13
0	0	3	2
0	3	11	6
0	9	15	8
0	0	11	7
1	20	20	31
0	7	10	18
1	6	10	8
0	15	18	17
0	0	2	5
0	32	55	56
0	10	26	23
0	4	9	5
0	15	20	30
0	3	9	8
0	4	10	10
0	2	6	7
7	661	798	801
1	48	69	70
1	39	71	55
0	16	30	25
2	84	120	134
0	20	43	33
12	129	232	348
4	58	106	190
9	100	159	288
1	16	31	43
5	83	125	214
3	69	109	224
7	125	283	474
6	58	108	217
8	90	120	237
7	112	219	420
3	73	132	212
5	116	206	393
4	49	74	187
4	52	103	177
4	81	128	231
7	70	114	248
8	56	86	171
2	53	79	174
1	40	79	136
6	35	58	118
7	80	100	212
4	59	88	139
7	64	122	237
8	110	161	291
3	28	34	69
3	51	125	267
6	68	116	272
3	74	114	241
4	70	132	189
7	64	110	177
10	109	206	266
1	50	93	191
4	62	123	239
2	68	131	271
6	73	139	219
5	145	251	488
5	55	83	180
2	38	65	142
5	47	72	167
4	60	108	207
3	71	126	206
5	51	97	201
0	43	55	137
5	54	141	244
3	56	142	208
4	43	86	205
6	49	90	164
6	53	78	199
2	64	73	166
4	99	173	288
3	46	101	159
4	42	79	144
10	88	125	266
1	43	59	130
6	64	108	247
3	46	91	184
11	93	105	264
1	20	23	62
5	43	69	155
5	39	46	100
0	9	13	58
6	49	66	172
2	54	76	185
1	30	57	118
6	38	39	111
5	58	95	214
2	54	105	173
3	45	84	171
0	13	10	35
1	16	35	94
0	1	1	0
4	24	39	92
0	0	1	0
3	49	76	160
0	0	0	3
1	33	50	116
5	40	63	161
3	67	79	219
3	44	88	155
8	57	93	175
0	8	8	25
1	76	118	200
2	27	30	70
3	75	148	214
6	74	138	248
5	73	117	239
0	46	65	79
0	2	1	2
0	0	1	0
2	48	89	134
0	0	0	1
0	0	0	2
3	45	62	152
3	49	80	141
0	7	13	22
0	3	16	22
0	1	2	2
5	104	151	275
2	68	101	184
5	51	64	151
2	55	60	164
6	64	131	188
2	35	52	83
10	86	120	297
3	49	78	172
2	78	102	174
5	67	98	234
1	34	48	72
8	87	172	274
3	61	67	135
5	41	57	108
2	48	59	133
2	19	29	77
1	1	5	17
3	28	78	68
1	48	76	169
0	14	33	56
6	62	128	213
7	34	74	160
3	39	83	175
1	60	105	203
2	63	87	181
1	25	51	77
3	80	113	268
1	16	28	52
8	89	177	269
0	59	73	141
5	51	104	196
4	57	91	175
3	42	88	156
3	56	104	173
5	76	88	205
8	77	128	245
5	106	216	344
4	75	127	234
8	75	149	228
4	60	124	208
5	49	105	175
6	91	161	338
5	65	91	157
2	43	70	161
10	237	387	775
1	2149	2167	2153
0	562	659	668
6	142	215	270
5	145	161	262
9	1966	1005	1331
4	198	196	197
1	80	146	169
2	36	54	75
5	51	62	92
1	39	75	105
0	36	42	89
3	26	43	72
4	37	50	79
4	31	44	89
12	336	517	877
14	369	636	954
3	60	204	294
1	94	217	314
4	130	318	486
5	57	154	228
1413	3400	1028	3868
99	30438	11450	34383
23	457	1078	1657
13	1155	645	934
54	2795	967	1428
30	1413	412	695
12	1052	1439	980
76	7809	6637	3732
69	6227	4810	3092
225	34933	23976	13024
8	706	577	8520
3	54	101	205
8	286	398	490
5	63	111	155
3	59	101	137
1	47	63	94
3	39	107	142
5	38	62	159
1	44	85	113
1	73	157	199
8	124	203	300
17	345	497	886
7	136	252	376
8	104	570	242
5	83	92	175
19	280	437	755
22	431	777	1489
23	331	560	761
2	76	95	133
2	30	74	103
19	357	534	893
12	152	321	474
14	240	386	646
7	8235	4362	3463
20	3916	3840	3208
126	4290	13645	49299
33	11810	28831	17691
55	2797	3796	18410
11	1533	1154	889
14	2054	1673	1416
9	602	539	489
7	58	87	131
2	10	13	21
9	33	60	76
3	64	121	184
1	62	113	137
28	327	324	280
33	455	522	420
46	475	476	364
21	2887	2580	3730
6	2000	1800	1704
34	304	278	604
22	359	678	746
14	198	276	473
3	62	57	101
70	546	712	1254
5	107	182	300
49	1290	2571	5167
1	192	245	317
20	308	535	1007
25	331	661	1131
25	370	654	1237
535	996	1124	1012
0	126	122	80
9	1648	1511	1263
0	90	130	120
0	61	89	80
1	48	73	171
6	304	333	489
10	49	94	118
18	199	438	502
11	164	292	310
8	70	89	124
21	231	284	477
11	186	318	375
2	61	118	153
11	253	453	471
10	169	345	319
14	122	209	228
97	1473	355	944
58	1292	231	703
70	1265	319	899
65	1021	278	677
41	756	123	427
55	1746	282	913
63	892	241	562
192	661	830	1034
31	4041	7146	7593
27	475	772	1563
24	523	923	1735
37	3733	4338	7512
11	509	651	987
8	471	788	1081
14	1135	1422	1638
39	9502	6844	14453
119	931	899	2452
9	430	645	945
3	249	218	286
8	884	828	1001
0	144	122	150
4	584	621	721
4	1123	1030	1460
3	289	308	376
3	307	309	393
4	745	613	840
8	1008	894	1144
0	11	11	17
6	645	722	861
9	1794	1774	1984
13	2687	2405	2754
2	1241	1179	1323
87	1620	2221	5103
14	792	784	1180
28	127	152	290
2	52	123	202
8	127	238	489
10	2094	1653	1741
14	200	822	1441
18	284	959	1608
10	152	506	871
5	221	570	998
2	121	423	750
6	203	552	878
7	180	586	1020
15	221	532	865
13	197	600	957
14	168	411	636
5	50	79	171
9	64	104	190
25	994	1711	4038
41	1061	1978	4183
20	538	1219	2136
7	256	561	1079
9	529	1141	1889
16	344	778	1448
15	605	1271	1922
44	10012	5273	37176
76	1631	3230	8297
34	1013	2154	4937
9	241	673	1164
148	3229	3946	11377
28	580	952	2022
0	4	25	35
5	63	214	375
20	233	566	1148
34	125	163	374
5	112	234	405
29	4184	3404	2594
3	300	2378	1122
7	73	175	278
3	72	174	343
19	1659	1758	2651
22	1712	2189	3093
6	496	1057	1222
6	87	180	334
8	124	236	409
0	87	78	134
10	530	928	1433
6	219	422	634
5	208	343	564
5	351	608	1025
0	45	111	127
8	280	428	669
22	423	1128	1845
8	967	1678	2294
6	59	97	275
6	79	181	246
7	119	238	423
13	168	341	643
9	126	280	454
4	84	142	312
1	41	68	144
1	39	98	196
4	88	168	324
10	188	322	563
10	111	134	249
7	49	93	170
14	183	239	359
8	77	97	141
38	425	353	961
1	18	30	47
4	18	40	48
5	51	66	164
1	17	28	52
5	38	55	133
6	68	55	143
0	14	19	31
3	9	22	36
0	17	20	45
0	19	30	43
0	1	0	4
0	0	1	0
0	1	1	1
0	9	7	5
0	8	3	5
5	81	87	187
4	14	58	52
1	12	12	21
1	20	31	70
3	27	29	59
3	15	22	60
3	33	42	78
2	17	28	43
4	29	46	77
12	43	60	95
0	21	34	31
3	14	11	32
1	13	9	26
0	20	18	27
4	14	15	30
4	61	80	152
1	20	23	29
2	15	20	32
3	22	41	74
0	2	1	1
1	21	33	33
2	4	8	28
0	26	18	61
11	50	71	130
98	372	395	995
0	13	11	34
4	46	65	99
10	68	99	171
3	34	38	61
4	45	33	78
0	0	0	1
4	49	66	127
1	23	29	44
4	3	4	11
1	16	18	28
8	90	98	216
3	67	93	156
4	53	69	119
2	33	43	81
1	14	14	31
1	14	22	33
1	12	31	45
10	33	51	90
0	14	15	21
11	85	112	232
2	28	35	44
0	16	7	8
0	1	5	2
1	35	52	123
2	36	45	87
75	403	498	1077
36	315	393	886
315	750	452	1323
276	737	581	2043
72	925	1140	2371
10	78	101	202
8	63	95	237
6	64	97	232
9	70	121	216
83	1132	977	2047
68	567	647	1594
172	665	736	1688
38	366	396	1139
54	213	257	513
19	152	157	282
9	123	168	335
9	119	158	262
14	90	188	282
6	184	197	246
1	15	11	18
10	114	134	124
4	81	136	228
13	147	189	240
38	198	211	470
23	181	104	289
34	169	168	1868
48	234	220	608
58	652	782	1481
41	543	565	1419
31	360	430	824
56	923	1015	2108
34	508	654	1225
41	253	392	637
20	316	407	674
27	318	455	778
68	526	699	1157
5	106	160	230
1	59	116	144
26	281	437	720
12	327	420	545
19	43	97	178
7	70	81	114
14	3862	3322	6086
7	1679	1602	2498
2	580	682	854
25	1672	2096	2430
6	827	844	1423
7	1301	1058	1547
4	564	558	893
1	53	39	94
0	118	128	206
8	951	1120	1523
6	1014	1049	1575
24	6420	5291	9293
2	685	721	1038
10	1112	1075	1578
5	247	366	371
3	417	499	742
7	776	758	1096
6	968	893	1477
2	81	156	186
0	8	34	56
20	405	616	1288
2	52	55	96
13	55	73	142
2	26	74	123
7	473	604	744
17	1408	1255	1769
3	21	50	76
9	514	499	471
2	323	338	335
102	1242	2387	2175
72	1559	892	1594
17	407	859	1926
22	565	933	1951
0	0	0	1
0	6	11	14
8	48	119	160
48	2008	4334	10641
0	6	8	8
28	419	1165	2112
281	1188	758	7300
1	2	5	9
2	46	60	88
29	204	301	619
0	41	78	102
29	305	466	783
11	76	134	209
141	5602	11517	24701
126	1610	2297	5349
0	1	1	2
13	344	893	1388
9	179	526	1010
29	1116	2165	5565
213	2212	459	1331
1	27	51	67
115	7279	11609	21259
6	35	53	86
19	800	1036	1263
2	294	145	99
0	0	3	4
2	43	60	55
24	459	993	1183
12	158	264	350
2	106	240	299
1	4	5	3
111	2836	8140	32210
0	9	23	21
2	32	38	60
0	8	10	11
8	40	74	490
6	20	42	507
91	3379	6310	16518
7	196	312	206
4	41	82	134
1	5	3	1
0	10	39	38
384	417	406	745
51	608	626	1873
2	404	538	749
13	278	2497	2416
46	579	1612	2225
6	58	133	116
17	1095	1191	965
0	19	31	36
91	1422	2294	4600
2	18	60	61
0	32	59	55
156	662	1294	3000
15	1592	2009	2732
131	85	132	186
24	217	243	408
2	16	57	96
1	37	97	195
21	735	1196	2287
58	2126	3040	5519
1	16	35	66
23	229	231	412
10	111	134	208
27	476	730	1337
122	6109	13131	15273
26	7933	7169	5345
3	720	715	640
4	126	170	236
155	519	383	1298
3	58	76	144
14	226	699	1172
0	7	0	4
81	413	258	610
76	886	1195	862
190	5943	1989	8670
1	7	18	28
65	2501	2419	11844
5	517	537	369
6	4935	1465	4389
23	1066	1429	3018
50	3613	2100	6092
52	2688	1884	4975
15	119	950	1741
1	27	78	63
0	22	99	118
23	176	221	318
0	3	4	0
13	113	163	288
52	124	101	78
33	630	3271	5596
7	91	366	505
47	1327	2600	6216
9	169	197	154
0	2	0	0
5	123	203	437
7	71	164	309
2	81	121	101
20	84	163	225
23	7391	41815	17893
1	77	82	142
265	48318	13186	72020
43	496	884	1897
0	2	3	6
42	4723	3793	5551
4	71	97	150
1	8	24	26
53	589	779	1298
0	21	44	50
3	48	137	299
5	27	106	173
2	17	30	65
1	70	120	97
1	56	78	90
45	2714	4909	9727
6	114	181	249
3	16	33	45
7	70	121	182
3	62	126	205
5	85	82	154
0	48	84	104
0	4	5	3
69	4213	8027	15318
0	18	62	63
17	360	406	373
17	46	139	326
3	27	54	69
0	0	0	1
0	43	77	49
4	48	74	115
73	911	960	2197
21	91	143	203
104	4349	7690	17215
17	157	217	307
0	3	11	13
2	52	90	158
11	159	503	707
25	742	1922	5106
8	149	873	1333
147	29051	37944	23393
9	184	603	719
73	16489	18715	62567
10	257	1303	1474
63	350	206	573
46	368	415	1096
7	37	60	120
180	4858	24013	28378
21	2469	2835	3962
0	3	0	1
2	51	96	162
5	132	197	189
0	10	8	28
7	72	188	275
0	3	3	5
2	14	37	55
16	226	323	546
40	335	725	1337
43	365	496	1118
12	99	91	168
117	544	579	1124
107	418	467	1127
7	43	100	138
9	289	428	652
8	95	93	152
15	223	231	459
5	180	198	270
129	2712	9955	23045
15	458	735	1166
793	16166	55177	67539
0	1	6	2
3	17	25	34
88	3696	2899	7783
28	765	1213	2146
0	4	3	2
41	398	1219	1872
14	250	593	542
5	76	126	159
5	72	286	409
14	311	308	525
173	3996	8615	27845
37	619	753	522
234	727	382	1456
2	323	301	285
41	569	1315	1545
0	1	4	4
2	47	125	130
10	247	340	494
31	201	236	367
14	187	207	341
7	67	78	108
1	95	161	275
16	191	648	1062
8	53	70	128
14	231	281	402
2	23	36	36
10	90	165	207
12	29	37	100
293	17517	607	18816
624	2015	730	3088
19	213	445	1191
70	571	876	4103
2	16	21	51
17	251	420	562
4	55	90	91
13	97	187	321
30	578	1015	2341
8	90	167	235
26	267	333	480
12	249	444	733
0	7	5	8
9	159	180	263
0	12	1	3
1	10	25	29
199	521	623	903
10	36	75	106
19	71	105	206
19	11599	9009	17233
9	38	41	37
0	11	35	41
3	23	37	27
8	109	165	295
8	52	97	154
11	131	344	474
119	9648	740	863
43	1513	1381	2792
49	718	1500	2373
5	552	764	986
106	43301	130662	65080
73	5015	5997	37747
22	143	632	1093
5	539	627	646
0	6	15	29
7	182	591	1068
5	195	507	838
6	70	185	345
10	118	254	407
0	18	33	57
1	57	124	126
5	47	111	224
148	477	287	962
5	180	150	241
2	45	51	51
0	3	1	3
1	11	30	26
4	108	108	144
0	15	29	49
4	49	100	84
5	482	418	493
11	1013	1887	3734
12	85	101	154
18	64	51	137
2	32	31	28
4	170	237	343
0	0	1	1
10	98	250	495
3	19	34	55
0	21	36	35
3	365	445	513
3	51	75	94
164	909	744	1911
32	165	144	354
31	237	159	391
49	341	262	711
7	177	242	434
6	168	246	342
7	325	345	498
2	215	300	323
4	198	230	314
3	333	371	520
4	36	77	59
2	52	48	62
3	58	90	70
2	106	159	208
0	26	51	45
2	33	46	32
6	142	201	244
2	229	295	376
34	234	158	393
19	488	1232	3002
59	1653	2838	4812
31	450	1070	2899
6	98	171	340
0	12	20	36
4	58	62	75
10	72	105	121
5	72	118	135
0	53	110	135
8	120	162	219
6	93	114	153
4	56	85	131
23	404	467	584
4	148	269	311
1	64	103	106
6	201	289	341
5	80	95	127
6	104	137	163
1	72	79	112
4	96	98	138
5	73	89	160
12	170	226	272
0	66	101	117
2	42	93	94
12	190	214	296
1	60	90	113
3	59	102	122
0	27	42	46
2	75	119	144
5	20	23	27
2	64	71	115
1	121	177	223
4	79	114	166
6	72	115	135
7	287	351	524
7	138	171	216
3	65	85	113
6	81	86	107
1	62	74	140
13	541	668	756
3	69	101	120
7	123	153	171
6	75	108	147
5	48	75	142
2	67	75	99
2	56	62	101
4	44	101	119
6	59	74	90
2	36	48	61
0	17	42	18
0	44	86	111
0	17	24	20
5	9	15	15
1	29	55	53
2	29	22	40
1	44	63	60
1	25	23	40
1	6	15	26
3	39	64	77
2	19	30	41
1	36	47	68
17	340	463	624
5	131	169	226
5	111	137	148
61	285	375	426
35	48125	38028	43623
3	214	301	296
3	220	331	357
4	244	338	331
3	277	352	356
6	42	96	132
6	80	256	428
5	84	223	338
33	570	1032	2512
9	291	386	290
0	22	76	64
1	28	67	81
1	42	72	87
0	25	40	60
4	32	77	70
0	51	56	88
5	86	202	212
0	14	27	22
0	13	43	29
7	42	51	112
17	354	460	370
4	94	158	234
7	140	113	98
6	89	76	74
3	61	104	107
13	499	230	254
0	20	40	43
3	47	118	104
15	260	245	228
5	80	155	191
14	187	337	583
13	124	210	366
0	18	32	72
15	58	83	165
3	26	33	48
18	154	166	300
55	344	319	324
18	113	142	282
1	35	69	112
16	83	88	128
4	36	32	64
8	65	59	117
5	44	58	85
5	34	40	56
22	150	154	255
4	14	35	44
25	69	67	184
11	61	83	192
36	97	77	192
7	35	61	90
11	51	36	88
14	131	181	347
9	64	66	95
19	64	79	133
17	522	882	1168
3	83	102	132
2	43	99	113
0	96	136	182
5	60	104	151
3	76	116	226
13	169	191	291
3	31	56	75
8	173	219	303
1	28	60	66
4	49	81	112
2	43	65	71
4	63	60	106
2	34	57	65
1	53	72	112
228	2390	4607	11145
29	534	564	490
25	463	717	1170
25	597	715	490
4	70	133	190
6	107	215	301
12	4195	1738	2077
